[[5446, 1736, 63, 37], [2746, 1222, 18, 30], [4066, 228, 48, 39], [1117, 224, 30, 25], [4344, 136, 51, 37]]
[[4210, 1991, 55, 43], [3471, 1904, 51, 33], [2442, 683, 76, 39], [4683, 272, 55, 52]]
[[4391, 2057, 60, 46], [2952, 2049, 36, 19], [3624, 1962, 58, 36], [2590, 621, 52, 61]]
[]
[[981, 1971, 37, 39], [1198, 1936, 51, 73], [733, 1634, 88, 67]]
[[107, 2255, 79, 48], [631, 1792, 61, 45]]
[[3089, 1609, 43, 75], [3392, 1507, 81, 42], [3257, 797, 64, 66]]
[[1907, 2121, 73, 42]]
[[2450, 2057, 196, 231], [2608, 1941, 69, 48], [2057, 1935, 73, 58], [3112, 1444, 76, 57], [1322, 255, 78, 48]]
[[827, 698, 55, 75], [4650, 270, 24, 33]]
[[1370, 1790, 48, 70], [2013, 1072, 28, 36]]
[[961, 2208, 42, 43], [2611, 2105, 28, 21], [657, 1981, 33, 18], [660, 1947, 33, 37], [699, 1785, 57, 37], [1228, 1785, 19, 33], [3147, 1762, 67, 48], [3822, 1713, 54, 75], [4293, 1691, 60, 100], [674, 1540, 87, 58], [4098, 811, 33, 21]]
[[671, 2168, 33, 24], [1283, 2143, 46, 34], [710, 2110, 27, 27], [610, 2079, 72, 79], [1901, 2038, 99, 93], [2754, 1834, 60, 33], [656, 1520, 60, 66], [2470, 1498, 37, 42], [820, 1467, 109, 55], [3210, 1358, 34, 19], [404, 1334, 43, 78], [1082, 988, 100, 189]]
[[1262, 947, 55, 61], [2227, 726, 49, 30], [905, 209, 33, 57]]
[[3246, 1997, 49, 63], [2007, 1441, 87, 54], [4649, 1390, 63, 82], [2540, 1003, 37, 60], [1983, 987, 82, 42], [3185, 893, 70, 49], [1347, 442, 49, 63]]
[[1112, 2202, 66, 43], [5070, 1112, 43, 31], [2532, 727, 60, 66], [5018, 385, 31, 33]]
[[1276, 1510, 93, 90], [1299, 1393, 187, 150], [1482, 1383, 34, 52], [1359, 1096, 66, 45], [996, 1040, 90, 45], [1060, 1014, 49, 43], [1144, 1009, 54, 30], [4500, 993, 75, 54], [1821, 986, 25, 27], [5716, 963, 106, 91], [1434, 963, 36, 42], [171, 863, 84, 81], [5772, 865, 37, 31], [1822, 641, 54, 105], [1810, 447, 82, 85]]
[[3147, 1467, 82, 76], [1080, 624, 48, 48], [1429, 187, 46, 78]]
[[2335, 2073, 49, 28], [4205, 1002, 75, 54], [2587, 884, 45, 70]]
[[3280, 1932, 25, 28], [69, 1819, 54, 28], [4118, 1679, 51, 45], [2041, 1455, 31, 45], [3219, 1290, 22, 43]]
[[2361, 772, 192, 139], [2801, 704, 21, 39]]
[[4258, 954, 54, 58], [4461, 548, 60, 49], [4385, 378, 70, 46]]
[[4304, 2109, 73, 37], [4525, 2031, 36, 34], [4349, 1960, 27, 27], [5373, 1813, 54, 48], [5264, 972, 64, 46], [3100, 670, 22, 37], [4209, 479, 51, 51], [4141, 472, 42, 78]]
[[3990, 2171, 25, 15], [4388, 1737, 57, 66], [3372, 1684, 52, 54]]
[[5581, 2362, 114, 72], [1237, 1931, 39, 25], [981, 1919, 45, 30], [2553, 1103, 37, 34], [1948, 664, 55, 36], [1750, 642, 63, 114]]
[[1365, 252, 42, 46]]
[[5120, 975, 22, 31], [4569, 940, 49, 70], [4607, 869, 54, 46], [3981, 488, 48, 27]]
[[1859, 2098, 69, 52], [3569, 1974, 67, 60], [1366, 1975, 24, 27], [3099, 1972, 49, 36]]
[[2929, 2168, 165, 217], [3251, 2024, 54, 67], [2697, 1699, 28, 24], [1779, 969, 54, 57]]
[[1817, 2053, 30, 52], [3676, 1946, 37, 49], [4384, 1864, 70, 45], [3806, 1733, 34, 45], [1823, 762, 28, 48]]
[[2991, 2176, 27, 15], [96, 1997, 78, 61], [197, 1989, 25, 39], [2563, 1836, 28, 31], [2371, 1410, 64, 52], [4448, 355, 57, 81]]
[[5657, 2135, 45, 72], [3381, 1583, 49, 75], [2570, 732, 72, 72], [2634, 682, 34, 66]]
[[2323, 2182, 25, 25], [3773, 2005, 93, 75], [2406, 1902, 37, 69], [2655, 1893, 60, 43], [2745, 905, 58, 64], [3206, 849, 73, 49], [305, 819, 90, 66]]
[[2196, 2006, 70, 39], [4661, 1702, 61, 55], [4531, 763, 54, 42], [3316, 743, 58, 63]]
[[4529, 1614, 33, 52], [3908, 1414, 54, 58], [589, 1321, 51, 46], [891, 1004, 60, 43], [3100, 719, 25, 27]]
[[4021, 2171, 46, 52], [3977, 305, 54, 45]]
[[3608, 2086, 25, 24], [2801, 1818, 36, 43], [5724, 968, 48, 52], [2804, 660, 24, 28], [4571, 283, 45, 55], [4389, 186, 30, 34]]
[[2807, 1866, 40, 34], [2884, 1838, 42, 30], [2814, 1828, 34, 27], [2556, 1460, 49, 66], [3333, 1420, 72, 85], [948, 987, 33, 36], [961, 973, 22, 24], [1038, 823, 66, 36], [2569, 734, 27, 34], [618, 644, 81, 46], [4376, 570, 61, 64], [414, 209, 25, 22], [4908, 88, 31, 24]]
[[4222, 2281, 28, 25], [1416, 2186, 75, 54], [4296, 1908, 31, 37], [3633, 1618, 25, 22], [256, 1387, 42, 45], [390, 1053, 58, 111], [1562, 1008, 73, 46], [1777, 959, 99, 103]]
[[4590, 1340, 25, 37]]
[[3908, 1722, 40, 55], [291, 1701, 103, 100], [2502, 1522, 37, 33], [1864, 1491, 43, 52], [3444, 1009, 51, 58]]
[[3513, 2052, 36, 25], [4206, 1906, 45, 85], [3405, 1689, 66, 45], [2366, 1562, 70, 51], [4667, 1152, 55, 48], [4852, 436, 70, 37]]
[[1555, 1775, 36, 52], [2319, 1109, 28, 45], [3513, 1094, 90, 48], [4578, 776, 120, 78]]
[[2386, 1903, 58, 52], [4827, 1748, 46, 73]]
[[1954, 2089, 27, 36], [1839, 1994, 120, 109], [2711, 1960, 49, 48], [2500, 1887, 81, 51], [2478, 1836, 34, 25], [3020, 1781, 22, 19], [3264, 1754, 60, 57], [2029, 1370, 76, 76], [978, 874, 129, 66], [537, 691, 133, 72], [4520, 618, 79, 42], [222, 415, 54, 52]]
[[2646, 2182, 48, 58], [3866, 634, 57, 61], [4258, 387, 54, 57]]
[[4554, 2306, 67, 54], [2440, 1703, 58, 58], [3227, 1648, 45, 33], [4714, 1334, 67, 55], [1911, 1329, 57, 30], [3217, 859, 52, 60], [375, 296, 31, 24], [1280, 272, 30, 46]]
[[4100, 2280, 22, 22], [3447, 2042, 91, 136], [3396, 1880, 142, 102], [2401, 1877, 52, 55], [2218, 1637, 55, 60], [1335, 1634, 22, 25], [3028, 1439, 22, 25], [2422, 1146, 97, 51], [3182, 1131, 48, 30], [3277, 994, 88, 52], [3349, 932, 57, 70], [5551, 837, 18, 28], [4668, 702, 43, 36], [3834, 233, 133, 118]]
[[4177, 1465, 69, 66], [3909, 1337, 36, 34], [2235, 802, 37, 43], [4259, 397, 79, 54], [1145, 173, 72, 51]]
[[2283, 2132, 31, 34], [3218, 1953, 67, 58], [4818, 1691, 75, 42], [2095, 1640, 61, 58], [3464, 928, 67, 54], [4544, 463, 76, 39]]
[[3371, 2165, 19, 28], [2656, 2003, 39, 78], [2577, 1588, 52, 96], [1136, 1030, 51, 60], [2257, 932, 69, 85]]
[[2222, 1690, 43, 67], [2907, 1435, 57, 52], [4608, 798, 52, 70]]
[[2356, 1650, 61, 58], [3492, 1637, 54, 73], [3306, 1126, 69, 55], [2265, 869, 79, 40]]
[[1504, 1955, 70, 60], [1519, 1900, 213, 138], [3480, 1868, 67, 43], [2538, 1841, 54, 37], [3467, 1826, 46, 34], [4551, 1687, 52, 64], [4522, 1434, 87, 78], [3128, 913, 66, 58], [4224, 865, 27, 49], [2757, 696, 37, 19], [4008, 263, 31, 61], [1514, 166, 45, 58]]
[[4689, 2155, 21, 18], [3693, 1961, 69, 36], [1023, 1714, 66, 51], [1057, 1631, 52, 69], [5662, 1214, 60, 40], [4689, 1053, 72, 46]]
[[4833, 1925, 76, 132]]
[[2598, 2040, 15, 28], [735, 1837, 25, 22], [348, 1668, 45, 33], [5065, 1602, 52, 28], [4848, 232, 103, 55], [153, 188, 109, 136]]
[[2116, 2202, 22, 22], [2135, 2186, 45, 58], [3313, 1787, 66, 90], [1172, 1630, 25, 31], [2549, 1572, 52, 75], [2236, 1261, 52, 57], [210, 575, 54, 103], [192, 80, 27, 25], [3934, 62, 105, 129]]
[[2512, 2154, 52, 60], [3459, 1906, 34, 54], [1578, 1790, 28, 37], [1479, 1755, 52, 48], [3247, 1745, 58, 58], [712, 1457, 171, 187], [191, 815, 61, 70], [196, 744, 54, 31], [2514, 702, 34, 28], [5710, 654, 57, 31], [2578, 633, 72, 37], [67, 203, 36, 48], [392, 48, 58, 58]]
[[2156, 2082, 40, 67], [4337, 2026, 90, 45], [2461, 1859, 25, 34], [3554, 1834, 18, 28], [1917, 1796, 34, 40], [4606, 1116, 46, 37], [4699, 1088, 43, 24], [2427, 994, 64, 51], [2132, 911, 19, 19], [3067, 753, 70, 57], [3637, 732, 27, 36], [1319, 447, 100, 106], [4599, 401, 69, 46]]
[[354, 1543, 57, 39], [2695, 918, 87, 48], [3755, 846, 150, 117], [3859, 860, 42, 21], [756, 759, 52, 34], [3094, 730, 43, 72], [2027, 704, 42, 24], [4691, 689, 63, 63], [937, 556, 151, 114], [725, 372, 49, 61]]
[[3198, 1856, 18, 22], [2448, 1728, 43, 33], [4933, 1563, 25, 21], [2118, 1390, 48, 78], [152, 1292, 36, 34], [84, 919, 18, 33], [2253, 864, 64, 37]]
[[1734, 2209, 22, 15], [1918, 1652, 150, 85], [3322, 1316, 88, 96], [3142, 1311, 28, 46], [3665, 1283, 54, 66], [4568, 1263, 57, 52], [3999, 999, 81, 49], [1565, 696, 55, 57]]
[[3784, 2289, 24, 22], [2280, 2110, 25, 30], [2312, 2089, 58, 34], [2320, 2074, 22, 31], [2310, 2052, 36, 33], [2772, 1656, 79, 52], [3006, 1584, 67, 72], [2747, 1492, 46, 88], [2423, 1479, 33, 34], [3282, 1416, 73, 145], [3274, 1340, 67, 55], [140, 1002, 22, 21], [2668, 908, 66, 55], [62, 888, 25, 19], [1513, 449, 123, 100], [1321, 264, 63, 52]]
[[3401, 2244, 27, 19], [1568, 2080, 27, 24], [188, 1706, 61, 39], [3243, 1577, 39, 67], [3157, 1442, 27, 22], [4708, 1426, 60, 37], [1989, 1120, 33, 19], [1338, 836, 39, 70], [2246, 755, 37, 69], [4319, 166, 24, 34]]
[[167, 2082, 25, 46], [1797, 1990, 138, 174], [4282, 1418, 22, 22], [5679, 1364, 27, 16], [3946, 1312, 72, 103], [3359, 1235, 33, 30], [3049, 1205, 52, 45], [746, 1190, 91, 78], [4289, 943, 73, 61], [1177, 862, 30, 24], [5600, 726, 33, 43], [2376, 640, 39, 25], [5569, 576, 78, 73], [4417, 576, 28, 54], [4886, 142, 34, 60]]
[[5103, 2059, 25, 19], [3348, 2030, 90, 54], [5095, 1953, 42, 22], [4897, 1867, 49, 67], [4835, 1779, 31, 22], [1922, 1522, 33, 34], [5604, 794, 115, 115], [3888, 723, 63, 40], [5033, 638, 54, 81], [5622, 620, 88, 81], [5796, 344, 87, 52], [4353, 310, 63, 96]]
[[3427, 2350, 27, 39], [3653, 2334, 49, 75], [3960, 2319, 31, 57], [3267, 2310, 39, 52], [3843, 2309, 37, 37], [3607, 2274, 46, 51], [3776, 2166, 24, 37], [4432, 2166, 22, 24], [4154, 2127, 24, 27], [3893, 2098, 22, 43], [3921, 2031, 28, 42], [1452, 2024, 49, 37], [3624, 1870, 21, 25], [3543, 1630, 34, 31], [1487, 1455, 36, 70], [2596, 1338, 37, 46], [4623, 358, 46, 52]]
[[4693, 2398, 45, 40], [2376, 1789, 40, 64]]
[[2610, 2157, 31, 24], [4280, 2113, 24, 24], [2677, 1920, 33, 66], [2594, 1532, 21, 36], [3412, 1520, 37, 58], [3903, 1377, 28, 18], [4442, 1337, 39, 48], [1505, 189, 55, 55]]
[[4464, 1942, 33, 37], [4537, 1541, 28, 28], [3487, 1121, 30, 19], [1939, 830, 40, 69], [3098, 707, 33, 19]]
[[4358, 2239, 30, 15], [4875, 2181, 36, 28], [4737, 2152, 28, 22], [5041, 2144, 28, 21], [4957, 2135, 34, 25], [4929, 2129, 18, 31], [4791, 2110, 19, 21], [5578, 2037, 18, 27], [5062, 1969, 28, 25], [4879, 1896, 45, 30], [5026, 1879, 46, 30], [4951, 1833, 25, 31], [4687, 1814, 70, 46], [3941, 1766, 21, 19], [5087, 1587, 25, 19], [5141, 1539, 25, 19], [1846, 779, 34, 37], [5745, 152, 70, 54]]
[[4465, 2139, 22, 33], [5740, 1089, 22, 34], [2738, 990, 18, 25], [1216, 839, 24, 21], [5859, 287, 43, 63]]
[[1201, 2231, 105, 72], [3861, 2018, 43, 28], [3097, 1978, 19, 31], [2461, 1553, 100, 133], [5789, 1440, 52, 36], [2120, 1181, 31, 18], [4837, 616, 58, 63]]
[[2552, 1815, 30, 24], [2245, 1091, 51, 39], [2643, 1055, 49, 51], [2571, 988, 126, 115], [3828, 993, 78, 49], [2222, 977, 142, 145], [4323, 500, 87, 102]]
[[2775, 2388, 39, 52], [3243, 1934, 22, 21], [3512, 939, 52, 45], [992, 818, 87, 49]]
[[3886, 2069, 37, 40], [3207, 1746, 75, 49], [5745, 948, 90, 48], [5715, 649, 66, 81]]
[[5038, 2131, 76, 39], [1929, 2077, 15, 24], [5892, 1424, 36, 46], [1273, 328, 36, 49]]
[[2518, 1501, 16, 28], [4146, 1417, 25, 33], [5889, 1044, 43, 36], [3737, 724, 117, 160], [1840, 349, 61, 108]]
[[5704, 2275, 40, 31], [4562, 2094, 16, 25], [1247, 1597, 37, 34], [3791, 1417, 45, 42], [2535, 1002, 25, 43], [4652, 809, 66, 73], [1611, 620, 27, 22]]
[[2448, 2075, 48, 84], [3870, 1832, 27, 30], [4376, 1719, 82, 46], [2635, 1469, 49, 60], [4578, 1166, 66, 39], [3119, 990, 30, 37], [1995, 853, 72, 60]]
[[4646, 2478, 18, 21], [3736, 2438, 46, 45], [4649, 2412, 30, 34], [4375, 2293, 102, 112], [5737, 2217, 34, 24], [2537, 2099, 30, 27], [1344, 2076, 61, 39], [2183, 1847, 46, 55], [2624, 1841, 28, 49], [3285, 1767, 66, 55], [2355, 899, 76, 49], [3709, 795, 123, 100]]
[[1536, 2119, 33, 57], [1041, 2108, 64, 54], [1339, 1756, 67, 63], [3412, 972, 27, 19], [4645, 933, 76, 45]]
[[1952, 2286, 25, 33], [431, 2084, 30, 42], [3573, 2051, 73, 43], [1243, 1635, 43, 42], [1229, 1607, 73, 45], [2205, 1252, 72, 48], [3313, 926, 270, 160]]
[[4843, 2199, 54, 61], [1438, 1978, 16, 24], [2016, 1505, 61, 63], [5253, 1117, 22, 27], [2392, 1038, 55, 75], [2848, 866, 31, 36], [2239, 846, 88, 70], [4439, 444, 42, 67], [5056, 287, 99, 132], [1578, 258, 76, 43]]
[[3851, 2002, 21, 37], [2427, 1550, 42, 75], [2743, 1184, 18, 25], [2208, 1142, 46, 67], [1814, 1040, 75, 67], [1889, 918, 48, 75], [1177, 603, 51, 49], [4661, 260, 66, 46]]
[[1010, 1616, 36, 61], [4549, 1571, 63, 51], [1041, 1185, 36, 67], [997, 895, 61, 33]]
[[4865, 2185, 63, 45], [3725, 1922, 31, 18], [3748, 1910, 45, 36], [2257, 1701, 48, 24], [2073, 1602, 46, 70], [1636, 546, 43, 24]]
[[5627, 2384, 24, 22], [5458, 2254, 138, 99], [2378, 1746, 51, 43], [2065, 1629, 60, 76], [4332, 1632, 31, 37], [3760, 1603, 60, 55], [3174, 1526, 39, 46], [2455, 1497, 54, 46], [4677, 1403, 82, 139], [2693, 1068, 49, 64], [2041, 921, 45, 25], [2413, 853, 82, 94], [1884, 818, 43, 36], [5575, 407, 39, 30]]
[[2341, 2375, 64, 60], [1115, 2042, 46, 36], [4618, 1985, 28, 28], [4268, 1887, 21, 19], [4257, 1852, 27, 48], [199, 1841, 27, 22], [3179, 1667, 55, 63], [4505, 1654, 39, 63], [1324, 1608, 64, 43], [3592, 1427, 28, 21], [5612, 1138, 55, 37], [4477, 880, 39, 66]]
[[5682, 2150, 33, 39], [794, 1856, 39, 33], [1509, 1769, 91, 90], [2185, 1713, 39, 27], [2561, 1659, 60, 33], [2070, 1632, 33, 36], [3249, 1573, 85, 49], [390, 1529, 52, 69], [2047, 1178, 42, 30], [3263, 1053, 31, 18], [2156, 1029, 73, 43], [1563, 807, 43, 25], [4767, 690, 54, 34], [4479, 659, 84, 55], [4880, 520, 51, 42]]
[[4618, 2085, 61, 33], [3337, 1808, 36, 31], [2218, 1748, 40, 70], [2600, 1642, 45, 30], [3487, 1099, 103, 73], [3503, 1078, 31, 28], [3461, 1016, 54, 57], [4733, 941, 64, 54], [3290, 903, 54, 66], [4119, 691, 25, 31], [4150, 667, 64, 42]]
[[1493, 2259, 31, 45], [657, 2113, 90, 129], [1065, 1977, 63, 69], [3846, 1930, 22, 25], [990, 1724, 60, 78], [1241, 1671, 85, 108], [2324, 1563, 30, 54], [4501, 1403, 55, 49], [1322, 1391, 70, 72], [3237, 884, 61, 54], [4548, 812, 69, 49]]
[[2260, 2229, 34, 46], [3420, 1768, 39, 78], [1228, 1447, 54, 36], [2181, 776, 31, 46], [4876, 677, 37, 21]]
[[2556, 1992, 115, 147], [4295, 1168, 19, 34], [4776, 897, 21, 25], [4564, 544, 33, 33]]
[[4207, 2097, 21, 30], [3788, 1649, 64, 61], [4786, 1649, 60, 52], [3150, 1575, 40, 43], [4504, 1528, 40, 24], [4472, 1379, 48, 40], [1730, 1082, 72, 36], [2999, 994, 55, 60], [3611, 860, 49, 69], [1505, 741, 33, 36], [3313, 697, 49, 45], [1297, 405, 58, 45], [4424, 134, 55, 58]]
[[3749, 2174, 51, 55], [374, 1813, 90, 147], [3469, 1759, 82, 45], [3447, 1716, 37, 25], [3098, 1707, 36, 37], [2676, 1696, 25, 28], [2320, 1692, 21, 34], [1832, 1686, 60, 55], [2183, 1597, 33, 48], [3202, 1071, 31, 43], [2296, 936, 39, 43], [363, 482, 81, 142], [4003, 360, 55, 60], [1420, 345, 81, 76]]
[[3823, 1879, 25, 22], [1999, 1802, 76, 52], [4429, 1794, 72, 48], [1933, 1747, 54, 37], [2427, 1726, 54, 51], [3480, 1654, 52, 76], [3721, 1492, 63, 69], [3399, 991, 67, 39], [2564, 976, 45, 76], [4341, 945, 69, 51], [1998, 881, 42, 70], [4692, 693, 37, 34], [1283, 549, 57, 60]]
[[3826, 1827, 24, 21], [2000, 1752, 73, 54], [4422, 1736, 70, 51], [1931, 1696, 57, 37], [2435, 1670, 42, 57], [3482, 1603, 51, 73], [3722, 1442, 61, 67], [3399, 940, 69, 39], [2561, 927, 52, 72], [4336, 898, 66, 51], [1995, 832, 45, 69], [4680, 653, 36, 33], [1282, 500, 58, 60]]
[[4542, 1888, 75, 49], [1260, 1858, 36, 27], [2763, 1758, 42, 22], [3523, 1476, 42, 24], [4667, 895, 37, 72], [1446, 831, 70, 64], [5760, 648, 31, 22], [5725, 387, 36, 39]]
[[2107, 1961, 33, 48], [1182, 1874, 40, 61], [3606, 1868, 105, 58], [4621, 1790, 46, 73], [4428, 1666, 36, 36], [2631, 1643, 55, 63], [2275, 1514, 91, 61], [3606, 1164, 24, 40], [3128, 1044, 21, 42], [2104, 931, 84, 90], [3451, 869, 61, 64], [1525, 747, 31, 43], [4359, 739, 34, 19], [3958, 726, 24, 37]]
[[2667, 1823, 39, 36], [3618, 1800, 49, 33], [2259, 1751, 28, 16], [1568, 1744, 64, 48], [4819, 1711, 34, 18], [2107, 1689, 70, 40], [2531, 1669, 75, 42], [3377, 1615, 73, 67], [4251, 1608, 27, 27], [4319, 1570, 54, 36], [1925, 1019, 43, 81], [3627, 921, 51, 76], [4995, 768, 64, 33], [4532, 625, 70, 60], [4458, 623, 76, 66], [1482, 570, 24, 31], [1491, 493, 30, 15]]
[[2427, 2163, 55, 55], [2418, 2068, 142, 201], [1432, 1925, 51, 69], [3335, 1768, 52, 78], [4640, 1767, 57, 52], [2300, 1675, 72, 60], [1354, 1543, 70, 72], [1950, 934, 66, 55], [4873, 797, 64, 54], [4327, 788, 51, 43], [4344, 554, 42, 55]]
[[4936, 2185, 55, 33], [3440, 1885, 55, 52], [1360, 1849, 48, 46], [2292, 1713, 48, 78], [1171, 1550, 91, 76], [1214, 1438, 33, 33], [4854, 1018, 40, 22], [2222, 1004, 52, 76], [4182, 970, 25, 49], [2566, 854, 49, 64], [1223, 833, 42, 37], [4963, 700, 48, 40], [5086, 380, 58, 57], [4389, 365, 70, 54]]
[[2640, 2123, 75, 57], [3022, 1953, 60, 40], [3430, 1860, 66, 43], [2449, 1618, 51, 70], [1457, 1621, 42, 45], [4632, 1611, 57, 58], [1850, 1426, 58, 55], [3472, 1107, 19, 22], [4425, 937, 70, 66], [2584, 912, 60, 109], [3373, 882, 45, 37], [2041, 830, 63, 51]]
[[3210, 1875, 64, 51], [4412, 1804, 27, 18], [4570, 1735, 33, 27], [2594, 1682, 46, 57], [3725, 1681, 81, 46], [2542, 1675, 58, 63], [2288, 1595, 21, 24], [3281, 1568, 30, 30], [2292, 1545, 45, 72], [1978, 1368, 69, 48], [908, 1108, 19, 27], [4693, 1044, 37, 30], [1272, 972, 57, 52], [4657, 905, 63, 57]]
[[588, 2309, 25, 39], [4346, 1961, 36, 54], [3214, 1921, 67, 45], [4436, 1892, 54, 76], [4428, 1819, 30, 39], [2376, 1577, 48, 66], [4822, 1384, 24, 21], [3278, 1120, 55, 52], [1224, 1020, 64, 40], [4835, 1013, 39, 40], [3315, 948, 40, 49], [3756, 934, 58, 57], [1933, 842, 63, 49], [5049, 834, 67, 66], [4674, 762, 55, 108], [4289, 595, 51, 49], [193, 353, 48, 46], [199, 307, 91, 73]]
[[5654, 2255, 18, 22], [4800, 1930, 105, 57], [3451, 1848, 55, 76], [2005, 1784, 28, 19], [2022, 1747, 63, 54], [3043, 1747, 51, 36], [3664, 1724, 55, 54], [4207, 1670, 76, 120], [4591, 1585, 30, 27], [3343, 1576, 39, 28], [2430, 1554, 58, 58], [3332, 1519, 60, 52], [3132, 1080, 66, 70], [4782, 1030, 96, 112], [4235, 907, 76, 40], [2309, 844, 70, 61], [1225, 699, 30, 52], [3964, 615, 33, 33], [4380, 388, 78, 106], [5151, 284, 64, 108]]
[[2097, 2089, 66, 66], [3379, 1750, 60, 54], [1437, 1660, 31, 27], [2237, 1537, 51, 75], [2926, 1457, 52, 58], [1403, 1184, 27, 28], [3212, 1050, 55, 67], [4492, 1009, 70, 81], [1929, 997, 60, 54], [1479, 859, 54, 51]]
[[3852, 1992, 42, 46], [4414, 1953, 67, 52], [3379, 1711, 42, 37], [4537, 1669, 60, 75], [1149, 1676, 31, 31], [1098, 1633, 57, 52], [5509, 1162, 54, 43], [1886, 1079, 64, 64], [2514, 770, 55, 75], [4982, 617, 157, 133], [5025, 633, 27, 18], [5071, 558, 54, 103], [4983, 518, 126, 163], [4913, 448, 28, 22], [5063, 198, 60, 61]]
[[3254, 2275, 34, 24], [3238, 2245, 40, 42], [4702, 2076, 91, 58], [2301, 1895, 49, 67], [4665, 1682, 64, 73], [2124, 1630, 36, 39], [3929, 1440, 66, 48], [2204, 1060, 22, 21], [2123, 1014, 21, 37], [949, 944, 148, 124], [5692, 924, 43, 58], [3597, 864, 57, 45], [572, 817, 36, 54], [5230, 768, 54, 52], [5923, 770, 33, 31], [5249, 754, 34, 27], [5246, 730, 31, 33], [5685, 319, 61, 112]]
[[2696, 2244, 27, 39], [3597, 2152, 58, 48], [5043, 1994, 84, 72], [3074, 1899, 73, 90], [1314, 1876, 58, 33], [3241, 1729, 69, 54], [3689, 1656, 25, 46], [2669, 1632, 63, 34], [3828, 1167, 48, 45], [4391, 1079, 34, 34], [3095, 994, 28, 37], [2476, 988, 63, 37], [2573, 880, 39, 27], [807, 306, 42, 24]]
[[2496, 1595, 48, 73], [2237, 1531, 85, 43], [2530, 887, 58, 55], [4744, 759, 42, 63]]
[[2072, 1943, 24, 31], [2667, 1939, 51, 37], [4630, 1701, 79, 58], [2280, 1599, 81, 57], [2268, 1561, 22, 30], [2756, 1379, 28, 42], [3711, 888, 52, 30], [3338, 863, 34, 67], [4639, 700, 64, 60], [1309, 677, 42, 39], [1033, 304, 33, 64]]
[[1457, 1784, 22, 22], [5185, 1707, 90, 54], [3986, 1650, 36, 72], [3291, 991, 39, 64], [3699, 905, 54, 60], [4440, 770, 61, 43], [306, 761, 75, 40], [4828, 602, 55, 57]]
[[5700, 2441, 36, 27], [4733, 2232, 27, 31], [2433, 2002, 87, 153], [2373, 2000, 114, 99], [3308, 1991, 42, 82], [3377, 1957, 46, 45], [3314, 1950, 33, 31], [2489, 1927, 76, 76], [3256, 1860, 33, 45], [2550, 1840, 51, 30], [3664, 1618, 57, 45], [1398, 1570, 76, 54], [3454, 943, 46, 45], [3660, 851, 90, 51], [4615, 753, 37, 33], [5000, 626, 30, 45], [4478, 449, 60, 66]]
[[4720, 1739, 24, 27], [3584, 1719, 55, 61], [2472, 988, 40, 27], [3301, 951, 66, 46], [3548, 846, 58, 64], [4707, 582, 78, 60], [3992, 306, 30, 24]]
[[4317, 2209, 48, 30], [356, 2034, 27, 48], [1125, 1955, 40, 36], [1919, 1844, 30, 21], [3662, 1712, 67, 69], [1140, 1330, 132, 135], [3465, 1086, 22, 21], [4704, 829, 57, 60], [4733, 771, 45, 55], [778, 621, 103, 106], [1505, 578, 45, 60]]
[[3304, 2182, 24, 18], [3370, 2142, 21, 25], [4423, 1932, 51, 52], [3506, 1857, 28, 33], [5571, 1837, 85, 90], [1388, 1728, 51, 67], [177, 1694, 48, 58], [2279, 1597, 42, 57], [4258, 1567, 36, 42], [3789, 1548, 73, 81], [2336, 1541, 63, 45], [1858, 1507, 69, 58], [3734, 1479, 49, 39], [3034, 1436, 31, 60], [5681, 1220, 54, 40], [5629, 1079, 40, 39], [3462, 998, 25, 16], [1370, 919, 22, 27], [4981, 893, 49, 66], [5580, 879, 25, 27], [4655, 868, 67, 64], [3443, 723, 16, 30], [1063, 320, 106, 69]]
[[4523, 1832, 30, 37], [2702, 1810, 81, 51], [3878, 1719, 42, 43], [4586, 1714, 40, 36], [2309, 1565, 94, 70], [3149, 1499, 60, 48], [1378, 1090, 31, 40], [3342, 1004, 37, 27], [4257, 961, 58, 66], [2372, 952, 39, 34], [2669, 888, 33, 22], [2639, 885, 21, 30], [3561, 829, 49, 67], [1271, 756, 45, 30]]
[[2960, 2261, 42, 25], [4451, 1941, 73, 54], [2439, 1698, 135, 130], [3042, 1710, 21, 39], [2547, 1702, 42, 37], [4608, 1671, 36, 42], [3273, 1610, 76, 45], [3674, 1533, 24, 22], [1887, 1064, 19, 27], [813, 966, 48, 57], [4927, 865, 49, 37], [3359, 845, 37, 45], [4854, 808, 55, 61], [4557, 602, 48, 27]]
[[3244, 2196, 28, 43], [4267, 1712, 43, 46], [3360, 1668, 31, 21], [997, 1656, 69, 36], [2650, 1505, 36, 67], [2747, 967, 63, 51], [3490, 929, 90, 52], [3834, 804, 45, 52], [3112, 740, 96, 69], [4646, 727, 114, 118], [1108, 634, 64, 37], [5825, 542, 72, 58], [5769, 509, 22, 25], [1272, 368, 21, 30], [159, 152, 144, 126]]
[[1217, 2359, 42, 45], [1778, 2108, 87, 145], [4854, 1915, 40, 72], [4624, 1906, 22, 24], [3930, 1869, 27, 42], [2256, 1723, 109, 115], [3767, 1725, 48, 25], [2329, 1708, 46, 60], [3442, 1557, 46, 40], [1911, 1534, 25, 18], [2143, 1427, 49, 69], [3888, 1414, 25, 24], [3669, 1024, 46, 40], [2649, 992, 46, 79], [1556, 823, 72, 64], [4493, 733, 34, 55], [4731, 720, 73, 58], [4375, 324, 34, 31]]
[[1513, 2186, 45, 37], [4531, 1965, 36, 21], [3735, 1737, 88, 52], [1593, 1601, 66, 42], [2201, 1592, 42, 61], [2154, 1036, 24, 21], [1381, 963, 64, 45], [3811, 891, 28, 43], [2700, 859, 75, 57]]
[[1993, 1907, 39, 37], [2061, 1717, 54, 49], [3901, 1664, 51, 49], [4237, 1366, 73, 40], [83, 1181, 57, 76], [2128, 797, 55, 72], [4325, 737, 54, 57], [3940, 213, 31, 18]]
[[4720, 2212, 27, 21], [3521, 2177, 51, 46], [4235, 1828, 52, 61], [1476, 1610, 46, 73], [3928, 754, 85, 88], [5570, 535, 66, 78], [4484, 533, 54, 64]]
[[3927, 2273, 100, 81], [3986, 2071, 126, 123], [4522, 1849, 33, 49], [2309, 1806, 27, 42], [3881, 1772, 40, 25], [2367, 1735, 42, 36], [1369, 1713, 58, 42], [2376, 1681, 30, 27], [4743, 1619, 58, 33], [5770, 1615, 49, 30], [5808, 1596, 51, 46], [3461, 1568, 67, 57], [3326, 1542, 40, 58], [3303, 1499, 19, 28], [3935, 1187, 40, 24], [3874, 1172, 79, 43], [5589, 1082, 102, 121], [5681, 1056, 48, 64], [3271, 1028, 37, 31], [3494, 889, 58, 55], [2456, 870, 42, 78]]
[[2160, 2159, 51, 43], [1287, 1977, 48, 30], [3902, 1881, 31, 28], [3870, 1813, 54, 42], [4985, 1738, 79, 115], [4017, 1725, 45, 25], [4672, 1691, 57, 54], [4854, 1664, 39, 24], [2469, 1562, 105, 94], [2249, 1493, 43, 37], [2238, 934, 73, 66], [4716, 885, 27, 42], [3584, 865, 22, 27], [5030, 634, 46, 46], [1430, 561, 54, 70]]
[[1822, 1667, 57, 88], [3441, 1609, 73, 39], [4586, 1577, 27, 25], [3449, 980, 63, 55], [4611, 560, 34, 25], [4792, 417, 25, 36]]
[[2596, 1705, 54, 66], [4539, 1613, 57, 55], [1331, 928, 51, 72], [4633, 688, 70, 63]]
[[1227, 1566, 27, 25], [2374, 1475, 39, 58], [3185, 1353, 42, 79], [1420, 1060, 70, 73], [5583, 725, 61, 37]]
[[2715, 2267, 45, 36], [3325, 2201, 127, 88], [4543, 1627, 82, 42], [3763, 1625, 22, 21], [4987, 1576, 99, 57], [4668, 1163, 19, 37], [4652, 652, 39, 60]]
[[2942, 2286, 31, 27], [2205, 1959, 46, 27], [4715, 1579, 46, 81], [3544, 1528, 61, 72], [3657, 1382, 27, 43], [4996, 979, 25, 22], [2489, 901, 49, 63], [3765, 874, 21, 31]]
[[3457, 2118, 136, 136], [4541, 1732, 72, 64], [3158, 1553, 42, 52], [5780, 1410, 46, 28], [4898, 991, 93, 72], [4529, 745, 57, 82]]
[[3822, 2241, 43, 78], [3403, 1934, 27, 30], [3357, 1851, 18, 28], [2017, 1849, 33, 33], [3662, 1732, 54, 52], [4637, 1655, 51, 45], [4453, 1640, 24, 18], [2108, 1578, 58, 42], [642, 1567, 49, 60], [3124, 1461, 79, 127], [4638, 1076, 46, 67], [978, 921, 31, 58], [3680, 905, 43, 73], [2116, 795, 52, 36], [1212, 742, 61, 39]]
[[4612, 1977, 69, 42], [4542, 1744, 37, 55], [3825, 1669, 63, 81], [3397, 1600, 48, 72], [2141, 1070, 40, 40], [2457, 868, 64, 64], [1090, 856, 81, 102], [4860, 549, 43, 63]]
[[2270, 1706, 51, 66], [1033, 1673, 64, 61], [3510, 1597, 58, 36], [4679, 1408, 64, 46], [1319, 1023, 60, 57], [3234, 1003, 64, 48], [2329, 922, 51, 79], [3878, 782, 39, 36]]
[[965, 2151, 58, 49], [2233, 2019, 40, 30], [3449, 1882, 24, 30], [3388, 1856, 36, 57], [3424, 1850, 61, 31], [4856, 1844, 105, 58], [2610, 1728, 30, 57], [2051, 1709, 45, 55], [4232, 1335, 66, 45], [3298, 867, 69, 37], [1570, 384, 27, 19]]
[[4448, 2001, 33, 24], [3432, 1733, 49, 48], [2045, 1656, 27, 21], [933, 1045, 67, 42], [3150, 848, 24, 34], [4366, 642, 40, 79]]
[[2111, 2354, 21, 19], [119, 2170, 52, 97], [2459, 1846, 27, 36], [1187, 1771, 165, 121], [3903, 1587, 40, 30], [2757, 1507, 100, 93], [2158, 1464, 109, 58], [2313, 1421, 120, 111], [2118, 1036, 27, 28], [3346, 969, 33, 58], [264, 820, 219, 118], [4726, 755, 63, 33], [1112, 502, 42, 40]]
[[4341, 2277, 19, 22], [3984, 2234, 69, 76], [4987, 1944, 60, 30], [2236, 1646, 63, 39], [1243, 1591, 55, 43], [2761, 1566, 42, 40], [4471, 1168, 25, 19], [2426, 996, 46, 28], [1884, 949, 36, 24], [4853, 788, 84, 108], [1303, 635, 18, 24], [4800, 364, 48, 58]]
[[5740, 2295, 37, 49], [3683, 2235, 79, 69], [3216, 2169, 28, 31], [4931, 2023, 108, 75], [995, 1785, 39, 45], [2349, 1746, 48, 48], [877, 1592, 49, 52], [3058, 1515, 36, 30], [3842, 1468, 49, 49], [4307, 1433, 52, 46], [2477, 1393, 24, 31], [1952, 1080, 33, 24], [4229, 1020, 37, 72], [3919, 889, 27, 37], [2547, 851, 40, 28], [1953, 763, 39, 52], [2663, 713, 66, 52], [4471, 615, 27, 27], [4534, 556, 34, 37], [4451, 359, 237, 145], [4330, 328, 60, 90], [1635, 187, 25, 27], [5538, 166, 39, 33], [1227, 167, 19, 25]]
[[1924, 1827, 70, 37], [1459, 1811, 46, 45], [718, 1750, 112, 99], [2478, 1666, 55, 64], [2003, 1638, 52, 90], [3606, 1594, 33, 40], [1425, 1579, 57, 48], [4328, 1450, 33, 55], [4645, 1432, 73, 51], [4361, 896, 40, 33], [1268, 886, 69, 76], [1327, 890, 43, 36], [1526, 659, 25, 30]]
[[4774, 1834, 28, 16], [3776, 1671, 46, 45], [2256, 1658, 37, 39], [4565, 1505, 52, 30], [1584, 1372, 106, 187], [3187, 1119, 49, 48], [2458, 1010, 61, 31], [1169, 876, 43, 31], [1283, 489, 54, 48], [208, 360, 75, 76]]
[[1053, 1745, 58, 40], [1143, 1727, 36, 48], [4506, 1708, 57, 48], [2356, 1668, 66, 61], [2253, 1615, 43, 46], [4603, 973, 70, 36], [3813, 931, 72, 96], [3499, 660, 52, 70], [1206, 380, 33, 21]]
[[3477, 2029, 42, 25], [721, 1812, 42, 31], [2528, 1703, 43, 49], [810, 1656, 30, 30], [3672, 1387, 61, 60], [255, 1228, 27, 25], [3332, 938, 37, 64], [4435, 310, 39, 24]]
[[1993, 1913, 25, 37], [4468, 1851, 51, 90], [1985, 1800, 25, 46], [4476, 1709, 22, 24], [4402, 1676, 87, 48], [3485, 1451, 70, 94], [968, 1435, 76, 43], [2546, 827, 48, 30], [2075, 825, 28, 31], [2091, 793, 27, 25], [1257, 759, 49, 52], [75, 258, 69, 46]]
[[1205, 2100, 43, 25], [3274, 1675, 67, 40], [3466, 767, 70, 46]]
[[1876, 2008, 21, 28], [3971, 1796, 42, 60], [3150, 1659, 48, 48], [3424, 1609, 55, 60], [2448, 1493, 51, 58], [5067, 1491, 36, 54], [4414, 1366, 91, 58], [4634, 840, 84, 52], [1243, 820, 25, 21], [2527, 759, 37, 48], [1031, 282, 36, 51], [4308, 188, 33, 22]]
[[1311, 1727, 43, 82], [3485, 1525, 40, 52], [4478, 1461, 66, 49], [1078, 1413, 81, 61], [2439, 1384, 63, 63], [125, 1346, 19, 22], [4726, 977, 42, 46], [1839, 751, 73, 45], [1205, 711, 60, 49], [4842, 702, 64, 33], [4609, 482, 31, 58]]
[[3885, 2027, 37, 28], [3682, 1951, 48, 73], [2689, 1949, 30, 22], [3534, 1648, 33, 31], [2326, 1534, 48, 27], [1196, 1530, 31, 37], [4549, 1500, 40, 52], [3448, 1482, 21, 18], [4899, 1389, 76, 42], [2317, 897, 45, 70], [858, 893, 67, 55], [4578, 785, 51, 30], [4692, 780, 22, 37], [3640, 736, 90, 75]]
[[2281, 1804, 31, 40], [1146, 1627, 39, 66], [4514, 1578, 28, 18], [3211, 1572, 70, 40], [4699, 1542, 84, 49], [1933, 1492, 46, 49], [2475, 1470, 64, 36], [5544, 910, 37, 36], [4516, 903, 72, 45], [1075, 792, 46, 51], [2194, 678, 69, 40], [1438, 419, 45, 52]]
[[3799, 1836, 24, 18], [3375, 1737, 19, 28], [2620, 1726, 63, 48], [4709, 1685, 16, 25], [4376, 1617, 30, 28], [4650, 1557, 21, 22], [4617, 958, 45, 37], [4587, 924, 46, 39], [3475, 833, 52, 40], [1989, 795, 85, 54]]
[[4786, 1952, 40, 63], [4923, 1587, 25, 27], [3539, 1472, 58, 48], [2093, 1436, 43, 69], [800, 1403, 31, 48], [4970, 991, 58, 48], [1124, 964, 36, 21], [4627, 796, 61, 66], [2502, 707, 54, 75], [1222, 678, 43, 72], [1248, 601, 84, 58]]
[[1628, 2294, 25, 24], [3182, 1614, 37, 73], [1223, 972, 54, 43], [2256, 852, 63, 54], [4639, 794, 45, 69], [381, 794, 42, 49], [4532, 93, 46, 87]]
[[2593, 1762, 64, 66], [3139, 1618, 55, 60], [3144, 1424, 36, 37], [3606, 1250, 97, 87], [1204, 886, 49, 60], [2312, 886, 34, 31], [987, 714, 27, 21], [4484, 678, 87, 63], [1007, 287, 60, 46]]
[[4384, 1733, 69, 49], [3508, 1506, 69, 39], [2398, 1491, 33, 31], [3072, 1415, 28, 25], [1215, 1293, 55, 36], [2437, 866, 63, 69], [4513, 817, 27, 39], [3592, 803, 52, 63], [1009, 780, 54, 46], [1333, 449, 46, 42]]
[[3332, 1604, 58, 61], [4461, 1600, 48, 79], [2554, 1584, 34, 54], [3209, 1323, 46, 63], [4328, 1050, 40, 55], [3836, 804, 136, 141]]
[[4541, 1684, 69, 51], [3431, 1669, 37, 57], [1206, 1629, 34, 66], [3533, 1529, 46, 58], [4487, 901, 67, 57], [1032, 892, 67, 46], [2794, 869, 27, 34]]
[[1186, 1867, 75, 58], [1280, 1857, 19, 37], [2328, 1656, 63, 43], [3658, 1633, 82, 124], [2355, 1634, 31, 30], [1344, 1574, 51, 46], [3556, 1265, 67, 85], [3435, 1014, 85, 52], [3388, 838, 61, 69], [4268, 723, 70, 40], [774, 705, 34, 49]]
[[2532, 1780, 70, 40], [3260, 1720, 45, 58], [983, 1647, 78, 49], [2237, 1419, 48, 51], [4685, 796, 42, 73], [2173, 754, 54, 73]]
[[165, 2242, 33, 28], [1934, 1883, 48, 76], [2584, 1626, 42, 58], [3448, 1513, 70, 66], [3351, 1329, 42, 60], [3674, 938, 69, 43], [2362, 882, 75, 40], [2100, 823, 43, 30], [1293, 677, 69, 43]]
[[2085, 1866, 42, 72], [1414, 1729, 42, 30], [3508, 1682, 52, 64], [865, 1396, 42, 76], [2411, 895, 49, 63], [1467, 772, 43, 63], [126, 732, 22, 27]]
[[2121, 1804, 49, 66], [3750, 1711, 61, 57], [4630, 1465, 70, 48], [1127, 894, 27, 49], [4305, 848, 45, 60], [3297, 753, 60, 75], [1362, 576, 58, 58], [4617, 529, 33, 57]]
[[3699, 1845, 49, 28], [3754, 1568, 31, 27], [2010, 1562, 46, 61], [1188, 1497, 54, 52], [1542, 1396, 75, 94], [4566, 821, 51, 45]]
[[1727, 2245, 22, 15], [1903, 1574, 49, 58], [989, 1438, 49, 40], [1480, 1037, 43, 36], [2445, 898, 49, 33], [1157, 791, 43, 67]]
[[2066, 1681, 54, 54], [4227, 1620, 48, 63], [3303, 1547, 30, 57], [2369, 1471, 49, 82], [1248, 1465, 57, 36], [1137, 901, 61, 60]]
[[2040, 1985, 27, 22], [1215, 1604, 69, 42], [3485, 1473, 52, 54], [2721, 1107, 67, 57], [1081, 821, 60, 64], [1076, 525, 49, 61]]
[[2240, 1797, 75, 49], [3201, 1626, 40, 60], [1097, 1563, 72, 39], [4641, 1401, 60, 34], [1871, 1062, 63, 37], [873, 1009, 28, 18], [4431, 885, 37, 66], [2773, 740, 25, 40], [1273, 662, 24, 34]]
[[4335, 1890, 19, 24], [2954, 1868, 49, 63], [3260, 1833, 73, 42], [3333, 1799, 82, 43], [2100, 1772, 48, 61], [3226, 1662, 57, 73], [816, 1570, 60, 36], [1882, 1455, 75, 46], [868, 770, 48, 31], [4963, 726, 45, 48]]
[[3339, 1740, 48, 40], [3339, 1637, 64, 66], [2514, 1588, 34, 28], [2593, 1575, 16, 31], [2424, 1528, 81, 90], [2455, 1514, 30, 22], [1976, 1480, 67, 39], [4499, 1138, 49, 37], [1844, 923, 33, 24], [3344, 810, 40, 67], [1085, 768, 37, 61], [138, 298, 58, 64]]
[[2012, 1700, 33, 19], [4594, 1409, 57, 39], [3276, 949, 69, 51], [1232, 890, 61, 58], [1400, 449, 28, 27], [4425, 287, 52, 69]]
[[2535, 1502, 66, 51], [222, 1400, 72, 40], [5437, 859, 36, 54]]
[[883, 2168, 43, 57], [3776, 2067, 52, 60], [3610, 1760, 55, 48], [3465, 1596, 130, 204], [2093, 929, 73, 39], [1160, 835, 61, 34], [3489, 788, 36, 72]]
[[2318, 1728, 55, 55], [1113, 1667, 64, 43], [3505, 1507, 63, 54], [1308, 1076, 46, 24], [4542, 946, 37, 52], [901, 918, 46, 67], [4364, 798, 37, 66]]
[[3268, 1800, 63, 42], [4431, 1582, 61, 40], [4426, 833, 60, 39], [809, 764, 63, 61]]
[[4575, 2053, 27, 28], [1484, 1871, 57, 31], [1871, 1668, 37, 19], [1819, 1561, 60, 61], [2563, 1118, 36, 33], [3352, 861, 54, 69], [1356, 791, 51, 54], [2123, 753, 34, 22]]
[[1342, 2063, 40, 52], [1283, 1643, 67, 51], [690, 1501, 57, 42], [3546, 1411, 42, 55], [3012, 1351, 55, 55], [1944, 918, 57, 51], [3437, 845, 70, 39], [671, 326, 25, 30]]
[[4731, 2191, 55, 43], [4316, 1993, 22, 30], [1185, 1737, 42, 48], [1193, 1723, 27, 19], [3775, 1658, 27, 48], [3790, 1569, 48, 34], [4189, 1477, 24, 37], [4270, 1375, 81, 54], [125, 1342, 28, 33], [1958, 949, 22, 42], [1467, 850, 54, 57], [4253, 837, 33, 36], [4899, 687, 63, 78], [1093, 673, 37, 61], [4648, 643, 121, 91], [4430, 614, 31, 27], [1486, 391, 46, 52]]
[[971, 1686, 46, 24], [2167, 1517, 75, 49], [2366, 799, 67, 34], [1081, 546, 39, 45]]
[[393, 1639, 39, 52], [3210, 1577, 66, 43], [1150, 1505, 66, 42], [2454, 645, 51, 51], [4118, 328, 49, 27]]
[[761, 2124, 51, 63], [1362, 1852, 42, 54], [3348, 1528, 55, 61], [3569, 846, 55, 75], [1280, 755, 42, 58], [4337, 569, 66, 49]]
[[2236, 1798, 39, 55], [2335, 1724, 88, 78], [1349, 1673, 43, 49], [1047, 1660, 61, 31], [1487, 763, 46, 58], [730, 677, 37, 30], [4379, 572, 69, 57]]
[[3120, 2156, 85, 57], [2567, 2102, 15, 28], [3599, 1614, 55, 51], [809, 1607, 67, 34], [4360, 1586, 55, 66], [671, 892, 76, 45], [1344, 837, 36, 27], [987, 738, 58, 45]]
[[3480, 1885, 64, 49], [1143, 1848, 57, 51], [4638, 1795, 52, 43], [2297, 1566, 52, 66], [4446, 1422, 45, 55], [1209, 984, 64, 43]]
[[2224, 1547, 67, 57], [4362, 1449, 52, 69], [1160, 921, 40, 48], [2146, 900, 60, 49], [1435, 596, 63, 60]]
[[2559, 1697, 25, 21], [1375, 1475, 33, 37], [4372, 1066, 46, 40], [3145, 887, 43, 72], [2375, 821, 90, 55]]
[[2864, 1928, 15, 27], [3517, 1554, 43, 36], [1068, 1528, 33, 36], [2406, 1404, 57, 63], [2294, 782, 57, 67], [1401, 735, 54, 28], [796, 666, 63, 36]]
[[1359, 1961, 64, 52], [109, 1925, 130, 87], [3612, 1865, 46, 57], [2621, 1812, 45, 46], [4562, 1780, 69, 39], [2991, 1677, 70, 36], [4523, 960, 43, 48], [2386, 946, 46, 54], [4729, 450, 42, 42], [1559, 212, 76, 46]]
[[4872, 2119, 22, 22], [4763, 2032, 165, 117], [3215, 1884, 48, 36], [3879, 1874, 61, 33], [840, 1852, 58, 75], [3177, 1813, 43, 46], [2722, 1717, 21, 30], [2729, 1694, 43, 46], [2725, 1558, 51, 34], [2550, 1548, 57, 79], [2748, 1555, 43, 30], [3300, 1515, 24, 34], [2047, 1432, 33, 24], [3909, 1369, 66, 85], [3526, 1084, 60, 75], [2261, 739, 105, 201], [4293, 713, 55, 58]]
[[2151, 1643, 25, 31], [3681, 1493, 39, 60]]
[[2267, 1714, 58, 46], [3575, 1656, 31, 45], [5458, 1508, 55, 28], [3454, 880, 45, 37], [4435, 867, 21, 42], [1059, 770, 34, 24], [4743, 740, 70, 49]]
[[4753, 1089, 34, 40]]
[[2583, 1934, 25, 18], [4598, 1679, 76, 39], [3553, 1671, 52, 75], [2575, 1540, 40, 36], [2299, 1014, 66, 82], [4495, 454, 48, 31]]
[[4400, 2325, 54, 49], [728, 2319, 31, 24], [5703, 2031, 28, 21], [2249, 1778, 67, 34], [3730, 1705, 27, 22], [2538, 1683, 37, 40], [3437, 1534, 60, 49], [1422, 1105, 28, 24], [1210, 1006, 37, 43], [4713, 721, 52, 69], [1484, 709, 66, 52]]
[[4713, 2218, 39, 40], [5621, 2135, 36, 37], [1397, 1957, 31, 30], [4522, 1165, 34, 28], [3858, 985, 34, 58], [3833, 743, 34, 27], [4613, 359, 51, 54]]
[[3400, 2081, 27, 37], [4476, 1852, 22, 27], [4588, 1570, 48, 36], [3106, 1448, 46, 46], [3405, 809, 27, 39], [32, 205, 33, 25]]
[[1819, 2281, 21, 16], [4537, 2205, 64, 49], [2415, 1819, 48, 78], [4397, 1817, 27, 31], [3408, 1794, 33, 36], [1237, 1745, 49, 42], [3709, 1624, 78, 43], [3304, 1554, 46, 37], [4737, 1513, 42, 27], [2222, 1487, 40, 69], [3582, 1017, 31, 57], [2444, 1009, 58, 33], [2143, 889, 33, 31], [2702, 811, 33, 39], [1303, 758, 54, 73], [4638, 540, 48, 54]]
[[1434, 2309, 24, 48], [2426, 2211, 34, 27], [1946, 1860, 30, 48], [3500, 1783, 66, 51], [1390, 1644, 46, 67], [2703, 1556, 24, 28], [1881, 1468, 25, 46], [4327, 1372, 49, 25], [3481, 1166, 49, 61], [1962, 1164, 27, 24], [1108, 1003, 30, 57], [2228, 960, 60, 55], [2621, 946, 21, 22], [3376, 863, 58, 87], [4613, 674, 54, 51], [1146, 664, 37, 57], [1050, 310, 82, 61]]
[[1179, 1938, 25, 45], [2575, 1863, 19, 31], [2180, 1748, 39, 60], [4785, 1688, 25, 46], [2350, 1650, 33, 21], [3761, 1582, 48, 45], [4458, 1568, 36, 64], [2683, 1575, 28, 22], [1916, 1428, 43, 58], [3548, 1430, 21, 28], [3782, 1008, 36, 61], [3750, 935, 49, 63], [4771, 898, 30, 25], [1710, 887, 27, 46], [1488, 825, 21, 19], [3541, 741, 55, 31], [1474, 707, 49, 37], [4443, 683, 58, 40], [1194, 682, 22, 36], [1190, 648, 21, 40]]
[[2304, 2079, 36, 18], [1015, 2002, 82, 96], [3759, 1926, 36, 27], [5747, 1910, 60, 103], [4810, 1657, 57, 40], [4435, 1601, 66, 43], [5688, 1550, 27, 22], [4352, 1432, 27, 46], [2166, 1153, 24, 28], [1248, 898, 49, 36], [3232, 884, 72, 46], [3625, 814, 64, 37], [1582, 816, 25, 30], [691, 796, 31, 40], [4702, 761, 33, 54], [2450, 730, 33, 27], [955, 718, 52, 100], [1326, 680, 60, 33], [1284, 660, 25, 19], [1537, 593, 79, 54], [887, 559, 52, 43], [682, 336, 43, 42], [1595, 275, 72, 130]]
[[3180, 2070, 55, 78], [3689, 1826, 46, 63], [2297, 1763, 52, 70], [4897, 1705, 58, 33], [3392, 1544, 55, 54], [4385, 1467, 22, 36], [1357, 824, 72, 49], [5713, 728, 60, 40]]
[[3311, 2144, 34, 63], [3061, 2091, 49, 58], [2648, 2038, 25, 25], [4491, 1892, 52, 34], [5089, 1864, 27, 24], [5019, 1831, 91, 96], [1540, 1718, 69, 42], [4492, 1678, 39, 28], [970, 1548, 37, 30], [2155, 1538, 69, 51], [1347, 1130, 42, 24], [3752, 983, 39, 39], [2164, 931, 72, 52], [4579, 827, 33, 52], [2625, 782, 31, 18], [760, 771, 51, 54], [4367, 767, 40, 54], [1280, 659, 31, 31], [1024, 309, 36, 22]]
[[1397, 2178, 49, 49], [2068, 1697, 37, 24], [3742, 1677, 64, 51], [4636, 1674, 28, 36], [1072, 1530, 30, 22], [1637, 1523, 60, 49], [2581, 1055, 72, 52], [3783, 1033, 28, 21], [3720, 1005, 31, 19], [1532, 586, 129, 129], [4316, 355, 19, 25], [1184, 272, 67, 55]]
[[3605, 1849, 64, 39], [1254, 1663, 66, 48], [719, 1519, 28, 28], [2160, 940, 51, 55], [1344, 907, 37, 25], [2372, 829, 78, 54], [5651, 776, 138, 115], [4699, 730, 51, 45], [3152, 730, 42, 36], [1201, 531, 40, 69]]
[[4678, 2066, 48, 42], [2313, 1901, 58, 33], [1524, 1789, 66, 49], [749, 1696, 72, 91], [3531, 1658, 39, 69], [5082, 1650, 37, 40], [2283, 1633, 28, 55], [1219, 1552, 34, 60], [4391, 1363, 60, 58], [3605, 966, 70, 91], [2391, 945, 42, 61], [4620, 911, 18, 30], [1425, 839, 28, 21], [1256, 814, 52, 60], [4553, 582, 34, 57]]
[[4640, 2172, 24, 18], [3709, 1428, 40, 63], [2103, 828, 63, 46], [1230, 632, 28, 30], [387, 226, 45, 30]]
[[5819, 2145, 30, 24], [3661, 1970, 76, 48], [4440, 1971, 22, 25], [2555, 1916, 66, 33], [3914, 1707, 69, 36], [2516, 1571, 34, 64], [5056, 1438, 60, 39], [3359, 1005, 27, 30], [4324, 998, 60, 39], [4898, 880, 63, 33], [3328, 812, 33, 25]]
[[2329, 2013, 72, 57], [3884, 1916, 48, 24], [2314, 1641, 30, 18], [3468, 1619, 28, 19], [4746, 1540, 28, 51], [2069, 1500, 55, 54], [1527, 1061, 52, 31], [1547, 973, 24, 27], [2260, 898, 54, 49], [3792, 790, 40, 25]]
[[4423, 1952, 22, 21], [3889, 1873, 57, 46], [1272, 1707, 27, 30], [3895, 1690, 61, 58], [2374, 1628, 34, 66], [4666, 1590, 54, 46], [3534, 1571, 27, 22], [1270, 991, 70, 52], [2328, 956, 52, 58], [3563, 941, 88, 51], [1129, 568, 55, 85], [1552, 548, 87, 100], [1561, 380, 42, 25]]
[[3047, 2246, 42, 70], [4555, 2218, 37, 39], [3604, 2024, 21, 24], [1152, 1838, 54, 66], [4765, 1725, 33, 54], [4918, 1724, 31, 30], [1154, 1623, 37, 54], [2241, 1563, 37, 55], [3426, 1553, 40, 40], [3717, 1395, 54, 85], [1080, 958, 43, 66], [2493, 871, 64, 54], [2052, 838, 67, 52], [4517, 620, 30, 42], [1183, 560, 49, 43]]
[[3586, 2142, 46, 61], [1263, 1692, 43, 40], [2457, 1650, 37, 57], [995, 1542, 73, 51], [4692, 1459, 51, 60], [1360, 1381, 45, 30], [2092, 1159, 40, 66], [3433, 1142, 121, 94], [1210, 872, 58, 40], [981, 842, 88, 48], [3716, 818, 57, 55]]
[[3936, 1780, 57, 34], [1255, 1780, 60, 33], [3735, 1654, 52, 43], [2215, 1636, 36, 55], [2425, 1099, 66, 49], [3614, 1029, 48, 30], [3635, 977, 51, 45], [4626, 843, 48, 31], [4812, 651, 34, 27], [4391, 613, 31, 61], [1276, 337, 33, 52]]
[[2192, 1991, 57, 49], [3466, 1851, 64, 58], [2082, 1491, 28, 46], [3129, 1433, 66, 88], [3944, 917, 48, 37], [1449, 780, 66, 39], [1873, 734, 37, 37]]
[[1326, 2085, 46, 43], [2547, 1855, 28, 30], [1449, 1783, 39, 69], [3325, 1664, 37, 22], [4749, 1598, 45, 46], [4441, 1594, 51, 34], [2646, 1583, 24, 27], [2822, 869, 33, 31], [1304, 814, 42, 64]]
[[1136, 1943, 52, 45], [2333, 1727, 52, 36], [4070, 1699, 49, 49], [1492, 1682, 33, 27], [3592, 1638, 42, 43], [1474, 1026, 82, 45], [2628, 982, 48, 61], [3671, 981, 67, 57], [4503, 787, 69, 40], [5694, 675, 43, 39], [1003, 596, 43, 48]]
[[4911, 1861, 51, 51], [2340, 1838, 54, 46], [3677, 1740, 45, 39], [3275, 1566, 63, 54], [2259, 1077, 40, 34], [1375, 1004, 33, 66]]
[[3174, 2122, 42, 60], [3770, 1875, 48, 51], [2576, 1848, 82, 46], [1499, 1821, 60, 43], [4792, 1612, 46, 51], [3651, 1404, 82, 60], [2846, 1350, 52, 28], [3321, 1081, 51, 70], [1478, 1006, 46, 51], [3920, 832, 43, 48], [3103, 752, 37, 21], [4502, 579, 90, 57]]
[[4669, 2222, 31, 16], [4736, 2097, 40, 48], [4037, 1754, 31, 31], [1176, 1748, 24, 19], [1158, 1697, 19, 36], [3517, 1627, 22, 43], [2041, 1619, 39, 22], [3234, 1603, 22, 27], [3221, 1383, 39, 24], [3819, 1309, 42, 69], [3918, 1100, 34, 24], [3711, 874, 34, 51], [4396, 854, 43, 37], [4332, 417, 109, 186]]
[[2667, 2096, 31, 27], [3985, 1925, 45, 42], [2038, 1893, 31, 54], [1372, 1888, 43, 49], [2730, 1706, 45, 33], [4917, 1542, 34, 60], [3554, 1466, 48, 78], [2744, 928, 60, 33], [3183, 797, 39, 66], [1488, 616, 55, 57], [4487, 546, 36, 57]]
[[4831, 1627, 52, 27], [1431, 1454, 45, 49], [2377, 962, 70, 49], [3544, 924, 64, 36], [4580, 817, 49, 46], [99, 588, 34, 45], [1225, 546, 33, 54]]
[[4672, 1805, 39, 25], [2421, 1682, 31, 61], [4327, 1608, 52, 61], [3651, 1526, 67, 37], [3803, 885, 37, 55], [4806, 670, 49, 79], [1140, 668, 19, 19], [1196, 552, 79, 45]]
[[124, 1810, 78, 55], [4597, 1805, 54, 31], [2131, 1806, 27, 27], [4252, 1607, 21, 18], [3705, 1387, 57, 30], [2819, 1171, 43, 28]]
[[3327, 1733, 40, 69], [1228, 1727, 76, 69], [2586, 1588, 49, 61], [4325, 1436, 49, 60], [3591, 1398, 34, 66], [1429, 1192, 28, 22], [2436, 1064, 46, 58], [3710, 996, 43, 42], [2051, 933, 25, 45], [1402, 802, 34, 61]]
[[3762, 1983, 52, 57], [4253, 1523, 52, 31], [3584, 1436, 31, 54], [2771, 1150, 27, 43], [3757, 876, 28, 40], [1598, 746, 22, 28], [4738, 697, 39, 39]]
[[1192, 1880, 30, 60], [3670, 1833, 48, 42], [4556, 1668, 30, 30], [3230, 1649, 57, 66], [2369, 1599, 46, 52], [1625, 1563, 34, 34], [2131, 1449, 33, 66], [2080, 909, 48, 48], [3829, 861, 30, 46], [3748, 810, 39, 34], [4583, 502, 33, 51]]
[[1484, 2075, 49, 25], [2519, 2022, 25, 22], [1186, 1995, 43, 27], [4541, 1800, 42, 34], [2249, 1797, 28, 48], [4547, 1778, 21, 19], [3645, 1725, 39, 63], [2546, 1665, 58, 43], [1261, 1619, 39, 60], [3296, 1523, 63, 70], [2439, 1510, 33, 55], [3234, 1449, 22, 31], [3914, 1087, 61, 61], [4717, 991, 51, 27], [2843, 988, 55, 36], [2411, 893, 63, 55], [1101, 725, 66, 58], [1465, 643, 31, 25], [4767, 611, 49, 58], [1239, 536, 45, 43], [4631, 505, 49, 40]]
[[2222, 2421, 36, 27], [3946, 1832, 64, 52], [3450, 1738, 30, 21], [4640, 1647, 48, 33], [3269, 1527, 37, 69], [2208, 1516, 72, 63], [3509, 1038, 25, 24], [1974, 958, 45, 52], [1215, 895, 52, 99], [3647, 892, 63, 33], [2351, 872, 48, 52], [1472, 623, 48, 58]]
[[2632, 1874, 58, 36], [1069, 1690, 57, 51], [2104, 1684, 93, 64], [1404, 1538, 85, 48], [2295, 1153, 18, 28], [2296, 1100, 33, 48], [5082, 1060, 16, 27], [2278, 971, 19, 30], [2247, 942, 36, 39], [1004, 940, 36, 31], [1288, 798, 43, 46], [4785, 670, 19, 37], [4779, 657, 21, 24], [819, 591, 81, 42], [4522, 553, 33, 22], [1011, 356, 52, 48]]
[[2230, 2037, 33, 46], [1310, 1919, 39, 45], [1161, 1859, 60, 31], [3744, 1848, 39, 57], [4529, 1765, 42, 27], [4861, 1676, 45, 40], [2668, 1625, 28, 25], [2184, 1500, 78, 124], [1304, 1063, 58, 49], [4657, 986, 42, 28], [2642, 804, 30, 16], [4303, 752, 99, 51]]
[[2665, 2022, 75, 52], [2252, 1865, 58, 51], [1992, 1531, 70, 57], [2586, 933, 58, 51]]
[[861, 2199, 25, 21], [978, 1930, 115, 94], [2040, 1761, 49, 31], [2500, 1709, 40, 46], [1278, 1436, 46, 37], [2650, 1194, 45, 60], [4412, 879, 57, 55], [2300, 808, 31, 61], [4820, 800, 27, 33], [1601, 558, 55, 60], [1098, 522, 36, 22]]
[[1355, 1872, 54, 34], [2768, 1799, 25, 18], [4662, 1746, 79, 61], [3588, 1630, 63, 36], [377, 1613, 60, 45], [2350, 1575, 58, 51], [821, 1473, 61, 43], [2654, 1403, 28, 30], [4804, 1388, 46, 37], [2169, 962, 42, 24], [4399, 932, 61, 36], [1132, 876, 43, 42], [1364, 848, 55, 49], [3622, 848, 72, 36], [4770, 744, 54, 36], [1401, 431, 72, 37], [4804, 366, 45, 33]]
[[1094, 2319, 33, 18], [2092, 1874, 61, 54], [2755, 1768, 22, 34], [2249, 1602, 28, 22], [3906, 1533, 51, 27], [3945, 1495, 37, 40], [2147, 1401, 27, 39], [3773, 1026, 42, 52], [942, 991, 30, 27], [2383, 934, 27, 22], [3916, 731, 73, 55], [1035, 691, 54, 34]]
[[3270, 2123, 22, 33], [2652, 1844, 54, 52], [874, 1820, 60, 40], [4755, 1777, 34, 55], [3733, 1710, 72, 42], [4085, 1683, 45, 61], [1166, 904, 37, 55], [3694, 802, 28, 54], [1506, 541, 45, 33], [959, 531, 64, 60], [4078, 369, 36, 24], [4913, 351, 30, 51]]
[[1058, 2059, 157, 133], [2560, 1908, 33, 48], [1382, 1532, 72, 48], [2434, 1528, 31, 33], [4881, 1458, 33, 39], [4460, 1392, 49, 40], [2115, 982, 85, 46], [2551, 877, 40, 46], [3088, 816, 64, 43], [898, 754, 46, 49]]
[[3746, 1751, 36, 66], [1237, 1478, 42, 58], [1182, 1467, 45, 42], [962, 1361, 51, 43], [4475, 946, 45, 28], [2462, 921, 36, 27], [3209, 895, 78, 105], [2126, 795, 33, 18], [2134, 744, 28, 39], [4406, 717, 63, 34], [1149, 551, 67, 72]]
[[2535, 2346, 18, 27], [3918, 2335, 30, 39], [2799, 2124, 21, 24], [2243, 1972, 22, 25], [2215, 1969, 28, 24], [2834, 1810, 76, 96], [3478, 1739, 52, 61], [4490, 1667, 48, 24], [3847, 1589, 27, 22], [3845, 1522, 88, 163], [3054, 1132, 43, 69], [4630, 997, 28, 43], [1198, 952, 70, 46], [842, 885, 27, 31], [4664, 844, 55, 37], [3738, 845, 34, 33]]
[[1162, 2251, 21, 19], [1092, 2016, 93, 82], [3345, 1835, 39, 67], [2689, 1658, 99, 112], [3547, 1575, 84, 72], [1074, 1577, 25, 31], [2287, 1527, 52, 70], [1350, 799, 75, 108], [1403, 795, 39, 28], [2658, 774, 28, 43], [797, 728, 48, 57], [4654, 675, 25, 46], [984, 572, 24, 19], [1910, 476, 25, 49], [1881, 425, 21, 24], [167, 257, 208, 108]]
[[3148, 2255, 39, 28], [2512, 2004, 48, 31], [2269, 1827, 42, 81], [4271, 1834, 27, 25], [4780, 1712, 22, 42], [2803, 1561, 42, 45], [3239, 1006, 106, 154], [1202, 834, 24, 22], [3655, 816, 48, 58], [4851, 647, 46, 55]]
[[3739, 2094, 69, 61], [2507, 2089, 72, 57], [1350, 1905, 63, 40], [1337, 1615, 28, 28], [1990, 1604, 48, 64], [2506, 1537, 45, 54], [4546, 905, 30, 57]]
[[725, 2249, 18, 31], [4267, 2250, 25, 18], [2055, 1993, 51, 28], [1113, 1643, 33, 60], [2089, 1609, 27, 25], [3601, 1516, 67, 37], [2107, 1504, 28, 31], [1411, 1398, 37, 37], [1377, 1383, 40, 25], [4893, 1345, 48, 25], [1007, 1099, 34, 33], [2517, 816, 36, 28], [3729, 767, 63, 40], [4700, 500, 31, 18], [702, 437, 40, 52]]
[[2589, 2051, 70, 63], [3804, 2005, 88, 73], [2134, 1923, 18, 25], [1460, 1771, 52, 76], [2469, 1725, 24, 36], [3424, 1721, 58, 36], [4961, 1701, 40, 40], [3837, 1622, 31, 33], [4175, 1595, 81, 48], [3798, 1579, 46, 40], [3840, 1550, 27, 54], [2467, 940, 51, 52], [4247, 835, 28, 40], [857, 763, 55, 69], [1398, 683, 43, 66], [1405, 421, 30, 48]]
[[4949, 1799, 31, 52], [4111, 1686, 42, 30], [4671, 1604, 40, 37], [2148, 1461, 60, 51], [1845, 1159, 46, 28], [2000, 1100, 37, 31], [1143, 728, 54, 60], [1291, 358, 28, 34]]
[[1359, 1909, 72, 43], [3432, 1736, 51, 45], [4353, 1720, 81, 46], [4177, 1595, 52, 30], [2252, 999, 67, 51], [721, 969, 67, 36], [4483, 868, 63, 126], [1159, 778, 63, 49], [4333, 646, 49, 60]]
[[3785, 2206, 49, 55], [1394, 1642, 67, 36], [4169, 691, 24, 31], [4680, 655, 58, 33], [4768, 280, 19, 33]]
[[694, 1843, 28, 40], [696, 1821, 27, 42], [3450, 1681, 39, 64], [1850, 1560, 45, 67], [4697, 772, 37, 67], [4213, 625, 34, 48], [1258, 541, 36, 27]]
[[1283, 2356, 33, 19], [353, 2311, 25, 28], [3287, 2127, 24, 31], [1200, 2089, 57, 67], [2371, 1901, 36, 57], [3539, 1827, 33, 39], [1013, 1679, 30, 21], [3375, 1629, 42, 21], [4257, 1612, 40, 69], [3689, 1508, 37, 72], [2550, 1464, 31, 34], [1526, 1088, 48, 42], [4677, 996, 18, 25], [1881, 960, 66, 45], [2215, 962, 54, 27], [708, 748, 31, 31], [4473, 605, 70, 54], [1115, 463, 46, 37]]
[[2704, 2277, 25, 16], [986, 2085, 109, 145], [2142, 1872, 63, 61], [2516, 1815, 31, 18], [1282, 1686, 58, 45], [3480, 1646, 76, 57], [948, 1561, 43, 36], [2460, 1473, 45, 70], [4442, 1108, 93, 75], [4701, 1081, 114, 106], [4684, 1023, 28, 18], [4718, 993, 67, 114], [4735, 994, 46, 33], [1445, 981, 24, 46], [2380, 969, 33, 30], [3745, 903, 66, 45], [3734, 894, 24, 48], [1124, 683, 43, 61], [4379, 629, 49, 64], [4440, 626, 24, 31]]
[[3172, 1860, 75, 57], [4358, 1841, 49, 61], [2152, 1782, 21, 42], [2494, 1769, 33, 27], [1351, 1601, 40, 43], [3020, 1369, 46, 67], [2102, 933, 25, 48], [1134, 778, 36, 24], [3462, 771, 51, 43], [4173, 756, 27, 37], [4422, 489, 43, 52]]
[[1990, 2241, 42, 21], [3341, 2053, 36, 48], [1063, 2011, 54, 52], [2418, 1953, 30, 15], [1965, 1811, 43, 64], [1341, 1597, 31, 40], [4455, 1586, 63, 66], [3374, 1528, 105, 54], [2366, 1500, 48, 72], [2165, 1416, 34, 48], [1433, 997, 48, 64], [3328, 873, 52, 52], [4250, 503, 31, 48]]
[[3860, 2319, 28, 19], [2781, 2125, 40, 33], [4849, 2023, 45, 34], [4055, 1978, 48, 25], [4633, 1950, 28, 15], [2624, 1913, 25, 28], [3478, 1891, 28, 16], [4881, 1870, 90, 48], [3981, 1850, 25, 18], [4772, 1814, 61, 52], [4679, 1795, 57, 61], [3826, 1772, 40, 60], [2077, 1732, 43, 27], [3707, 1707, 49, 75], [2223, 1699, 25, 37], [2841, 1694, 28, 16], [2599, 1517, 78, 45], [3874, 1484, 36, 19], [3558, 1467, 48, 27], [4418, 1437, 31, 19], [4479, 1379, 55, 37], [4427, 1160, 28, 15], [4595, 1069, 34, 27], [2052, 950, 46, 63], [3513, 895, 70, 48], [4647, 813, 24, 46], [1000, 524, 64, 33], [4465, 413, 18, 27], [4453, 369, 36, 54]]
[[2424, 2047, 36, 31], [4279, 1924, 30, 19], [3225, 1896, 39, 30], [901, 1897, 28, 15], [3244, 1658, 28, 46], [2325, 1592, 55, 54], [4488, 1546, 45, 25], [2455, 896, 22, 30], [4440, 817, 48, 61], [3585, 741, 43, 57], [1279, 564, 58, 49]]
[[3512, 2285, 40, 27], [1975, 2267, 36, 21], [3083, 1973, 28, 15], [4656, 1863, 63, 36], [1875, 1827, 46, 37], [3014, 1821, 25, 18], [3796, 1685, 36, 39], [2484, 1623, 55, 49], [2180, 1535, 21, 24], [4547, 999, 34, 28], [1279, 975, 31, 51], [3177, 976, 67, 37], [1196, 771, 34, 39], [3680, 755, 66, 49], [5472, 684, 61, 57]]
[[4500, 2307, 45, 30], [4581, 2268, 30, 19], [4289, 2265, 30, 18], [4828, 2133, 24, 16], [4775, 2116, 36, 25], [1422, 2034, 54, 57], [3501, 1861, 42, 30], [2234, 1803, 40, 28], [5707, 1793, 67, 43], [1470, 1749, 19, 24], [775, 1670, 33, 21], [4828, 1396, 60, 51], [1053, 1363, 24, 37], [2718, 1132, 63, 57], [1836, 831, 42, 27], [3513, 789, 48, 70], [860, 764, 37, 46], [4495, 740, 22, 24], [4508, 669, 37, 31]]
[[3791, 2073, 49, 81], [4271, 1618, 31, 28], [3657, 1508, 57, 48], [3550, 1007, 33, 19], [1338, 902, 46, 49], [4742, 878, 52, 61], [3430, 873, 33, 21], [1259, 608, 54, 37]]
[[3472, 2062, 15, 24], [3111, 2006, 73, 108], [3746, 1837, 85, 135], [1087, 1723, 27, 33], [685, 1716, 46, 51], [1092, 1701, 43, 28], [4324, 1576, 72, 43], [2029, 1475, 45, 43], [995, 1041, 21, 42], [4763, 995, 31, 19], [1937, 960, 61, 36], [1991, 889, 31, 37], [2249, 879, 22, 21], [3512, 767, 34, 33], [1096, 666, 36, 64]]
[[3265, 2285, 36, 18], [3882, 1900, 21, 36], [2556, 1808, 57, 55], [4656, 1669, 24, 43], [2512, 1622, 25, 36], [2150, 1534, 33, 25], [4867, 942, 63, 48], [4456, 933, 66, 43], [2252, 906, 57, 61], [1308, 884, 60, 42], [4470, 866, 42, 55], [1084, 855, 51, 27]]
[[3772, 2127, 36, 33], [2680, 1946, 93, 72], [4330, 1805, 15, 30], [2375, 1780, 76, 49], [1541, 1669, 42, 73], [1334, 1669, 48, 40], [4666, 1646, 31, 33], [2464, 1510, 55, 73], [869, 1460, 46, 51], [3393, 1417, 39, 22], [981, 1167, 66, 33], [1045, 1095, 40, 33], [3626, 1036, 54, 28], [4351, 781, 42, 78], [2699, 754, 43, 42]]
[[3280, 2277, 48, 37], [1806, 1955, 28, 42], [1501, 1634, 49, 60], [610, 1510, 84, 94], [2173, 1083, 43, 22], [2614, 1057, 49, 55], [744, 246, 28, 37]]
[[3108, 1950, 46, 25], [1278, 1914, 42, 64], [2634, 1838, 48, 48], [3233, 1717, 70, 37], [4701, 1673, 64, 33], [3808, 934, 40, 34], [1186, 932, 52, 28], [2699, 739, 21, 25], [3185, 729, 76, 45], [895, 559, 34, 64], [768, 485, 81, 51], [1466, 431, 43, 48], [1794, 407, 54, 63], [372, 338, 94, 84], [4771, 329, 97, 70], [1516, 219, 58, 30]]
[[2655, 1996, 69, 42], [3781, 1929, 42, 36], [3590, 1884, 30, 28], [1112, 1813, 45, 28], [3691, 1784, 30, 30], [4664, 1673, 25, 40], [3455, 1577, 76, 58], [4618, 1533, 64, 46], [2258, 1514, 36, 70], [4521, 1339, 75, 54], [3069, 936, 42, 22], [4840, 782, 16, 27], [3506, 745, 48, 45], [4455, 628, 48, 58], [665, 583, 42, 37], [1431, 521, 36, 51], [297, 388, 30, 49], [4117, 301, 16, 19]]
[[3396, 2205, 43, 84], [3859, 2205, 49, 72], [4880, 2203, 42, 34], [3429, 2165, 76, 118], [3761, 2142, 28, 21], [3441, 2025, 67, 106], [4891, 2020, 48, 43], [4685, 2023, 19, 27], [4869, 1762, 46, 40], [3830, 1697, 85, 57], [1904, 1518, 61, 64], [5417, 1486, 34, 40], [4562, 1486, 48, 28], [1311, 1468, 34, 42], [2284, 1451, 48, 66], [3870, 1430, 24, 30], [3590, 1387, 58, 40], [3746, 1142, 43, 40], [3131, 1092, 31, 30], [1341, 919, 66, 54], [1819, 713, 48, 60], [4244, 573, 51, 64]]
[[161, 2056, 64, 46], [3153, 1921, 73, 78], [1050, 1613, 43, 66], [4293, 1490, 40, 64], [237, 1492, 30, 21], [4636, 1455, 48, 57], [2334, 1453, 64, 60], [3844, 1391, 36, 37], [3153, 1268, 139, 76], [3158, 957, 37, 48], [4715, 860, 42, 67], [3595, 783, 63, 52], [2185, 779, 42, 39], [4380, 644, 57, 52], [1429, 613, 66, 72], [1211, 546, 66, 45]]
[[4802, 2001, 46, 24], [4619, 1881, 78, 39], [3573, 1761, 57, 66], [4638, 1737, 60, 42], [4694, 1692, 70, 36], [3324, 1511, 69, 37], [2563, 1427, 90, 55], [1025, 1318, 39, 58], [3624, 881, 27, 33], [1336, 747, 27, 45], [855, 562, 30, 27], [4306, 538, 70, 43]]
[[4682, 1862, 39, 22], [3142, 1775, 45, 57], [912, 1745, 37, 46], [3515, 1584, 46, 76], [1940, 1584, 60, 46], [4652, 1519, 66, 79], [3731, 1401, 45, 69], [1303, 1388, 34, 61], [3139, 1365, 48, 52], [4417, 849, 37, 72], [2269, 783, 79, 54], [3710, 774, 64, 60], [1024, 584, 57, 82]]
[[4799, 2050, 82, 49], [2375, 2005, 55, 31], [4401, 1887, 54, 39], [2134, 1695, 42, 57], [3527, 1631, 31, 25], [4573, 1618, 39, 37], [1585, 1590, 51, 43], [1554, 988, 42, 24], [3365, 916, 135, 145], [3218, 791, 31, 25], [1155, 746, 24, 31], [1174, 732, 28, 24]]
[[4477, 1849, 55, 46], [3180, 1816, 69, 45], [1045, 1655, 31, 55], [2346, 1650, 25, 28], [4959, 1541, 58, 49], [3816, 883, 43, 67], [1462, 851, 34, 18], [4874, 827, 57, 66], [4206, 773, 81, 145], [1401, 595, 27, 27], [4970, 466, 55, 45]]
[[1681, 2155, 21, 16], [3480, 2032, 63, 40], [2339, 2020, 43, 30], [1295, 1819, 52, 43], [776, 1800, 22, 40], [2191, 1755, 28, 34], [4663, 1712, 46, 37], [2082, 1667, 18, 36], [3275, 1648, 24, 33], [3473, 1362, 40, 49], [1065, 1354, 27, 16], [4384, 955, 24, 25], [2990, 755, 45, 42], [1214, 731, 24, 40], [1446, 709, 37, 42], [3691, 612, 60, 67], [971, 609, 46, 52]]
[[2057, 2141, 46, 25], [3409, 1778, 61, 72], [4719, 1710, 46, 63], [1364, 1617, 31, 25], [1362, 1611, 81, 55], [2590, 1059, 34, 64], [1176, 835, 42, 58], [4484, 595, 34, 21]]
[[5603, 2060, 18, 27], [3929, 2048, 31, 33], [2122, 1936, 18, 27], [3853, 1780, 61, 55], [4329, 1650, 43, 49], [4230, 1619, 31, 22], [4617, 1542, 54, 58], [4994, 1522, 54, 69], [3577, 1518, 40, 45], [3265, 1484, 18, 21], [3547, 1427, 106, 117], [2615, 1401, 75, 75], [1813, 1329, 24, 21], [2739, 907, 28, 37], [2449, 743, 61, 72], [1762, 709, 156, 151], [4290, 687, 73, 51], [4368, 382, 40, 78], [4840, 359, 43, 51], [4321, 266, 25, 22], [571, 237, 85, 99], [3880, 150, 16, 22], [1377, 131, 58, 33]]
[[4392, 2027, 31, 43], [4921, 1964, 31, 34], [1520, 1936, 21, 24], [2695, 1913, 36, 39], [3785, 1909, 25, 24], [2089, 1905, 19, 28], [1789, 1886, 75, 63], [4663, 1810, 100, 51], [1958, 1740, 43, 31], [3507, 1587, 63, 52], [1101, 1570, 49, 45], [3924, 1554, 21, 28], [858, 1377, 36, 30], [4940, 1364, 27, 36], [3945, 1308, 37, 57], [746, 1228, 63, 61], [3161, 1214, 37, 25], [4146, 943, 34, 39], [3377, 940, 31, 45], [2994, 828, 24, 36], [3723, 674, 36, 34], [4532, 658, 37, 21], [4894, 611, 19, 24], [858, 272, 76, 60], [1133, 169, 61, 51], [4816, 28, 48, 54]]
[[4385, 1975, 33, 24], [5653, 1906, 69, 138], [1454, 1829, 105, 55], [3066, 1789, 75, 52], [2244, 1788, 91, 55], [2402, 1779, 81, 60], [2019, 1749, 70, 46], [3998, 1728, 24, 43], [3266, 1617, 46, 67], [2825, 1613, 25, 24], [748, 1547, 96, 85], [2650, 1495, 66, 75], [3636, 1404, 45, 46], [3335, 1363, 126, 123], [274, 1323, 37, 64], [4205, 1306, 27, 30], [4839, 1271, 30, 28], [3412, 1230, 28, 16], [4349, 1002, 21, 33], [2109, 962, 135, 87], [1093, 960, 66, 88], [4754, 824, 48, 36], [3426, 764, 39, 58], [2582, 599, 48, 36], [2611, 599, 45, 30], [4875, 575, 49, 33], [719, 479, 48, 45], [1827, 442, 34, 24], [1329, 194, 63, 33], [4990, 182, 28, 55]]
[[3798, 2071, 24, 21], [259, 2028, 39, 51], [3097, 2013, 151, 108], [4336, 1873, 49, 45], [1941, 1801, 57, 49], [956, 1610, 55, 33], [3904, 1595, 28, 42], [3942, 1567, 24, 31], [2570, 1512, 64, 37], [898, 1458, 48, 37], [1391, 1344, 36, 58], [3563, 1268, 37, 51], [3060, 1246, 30, 28], [2767, 1053, 36, 30], [4257, 838, 27, 22], [3919, 734, 33, 25], [4786, 716, 27, 27], [1439, 626, 37, 22], [5075, 518, 33, 48], [4614, 414, 39, 52]]
[[3666, 1863, 51, 42], [1944, 1829, 36, 54], [3097, 1593, 48, 45], [3258, 1574, 25, 24], [1978, 1541, 46, 37], [4777, 1497, 120, 120], [4682, 829, 58, 30], [3406, 805, 42, 54], [873, 773, 100, 69], [868, 746, 33, 37], [3765, 719, 28, 45], [1960, 707, 36, 72], [1126, 669, 55, 87], [3273, 671, 75, 54], [4396, 518, 39, 34], [5009, 276, 87, 75]]
[[3750, 2184, 144, 106], [3859, 1964, 30, 28], [3314, 1938, 34, 24], [2070, 1897, 33, 60], [2203, 1878, 66, 37], [742, 1858, 85, 76], [1764, 1746, 43, 57], [4526, 1632, 42, 54], [3447, 1606, 40, 25], [1180, 1590, 18, 27], [2285, 1560, 24, 34], [3545, 1549, 70, 36], [3417, 1471, 25, 21], [5086, 1363, 45, 43], [1491, 991, 48, 58], [2345, 830, 33, 66], [1238, 722, 76, 49], [1352, 258, 60, 39]]
[[3693, 1761, 51, 36], [2459, 1736, 66, 57], [2202, 1585, 67, 40], [1120, 1497, 63, 33], [3541, 1433, 37, 22], [3668, 1412, 33, 19], [4684, 799, 60, 40], [3292, 792, 48, 30], [1167, 725, 54, 54], [3364, 717, 24, 21], [4574, 452, 60, 70], [5564, 50, 102, 64]]
[[1048, 1860, 46, 69], [2472, 1833, 63, 55], [790, 1778, 54, 51], [1028, 1771, 42, 28], [2066, 1686, 69, 36], [4635, 1637, 28, 39], [4558, 1592, 73, 46], [1272, 1557, 25, 37], [2291, 1551, 34, 28], [2580, 1548, 27, 19], [2103, 1524, 39, 24], [1136, 1494, 64, 55], [2965, 1444, 31, 52], [2208, 1399, 37, 22], [3338, 1372, 64, 37], [2082, 1363, 31, 25], [1898, 1321, 87, 72], [1096, 1286, 21, 30], [1932, 1278, 58, 60], [848, 1221, 43, 75], [3461, 1048, 36, 22], [3301, 1034, 22, 22], [3522, 1026, 27, 49], [1979, 1013, 49, 43], [1543, 982, 37, 31], [2368, 855, 114, 70], [1176, 859, 25, 22], [2766, 849, 43, 40], [806, 853, 30, 18], [3108, 807, 57, 45], [2950, 767, 31, 34], [981, 761, 31, 60], [4680, 746, 61, 45], [1507, 727, 85, 79], [2951, 661, 40, 60]]
[[2707, 2005, 79, 66], [1249, 1926, 43, 60], [2142, 1885, 40, 36], [5741, 1690, 22, 24], [5697, 1682, 34, 46], [3509, 1613, 24, 43], [3518, 1596, 67, 60], [1182, 1511, 57, 31], [4931, 1466, 48, 34], [2627, 1425, 19, 28], [4563, 1394, 36, 70], [2990, 919, 42, 49], [1337, 879, 61, 36], [4730, 767, 49, 25], [3565, 728, 72, 46], [3417, 674, 21, 40], [4372, 489, 51, 73], [748, 447, 138, 165]]
[[2429, 2183, 30, 37], [1096, 2167, 37, 37], [2080, 2151, 25, 19], [2415, 2058, 91, 142], [3734, 2066, 60, 43], [3706, 1996, 42, 61], [3265, 1949, 33, 25], [2348, 1931, 28, 36], [3624, 1834, 33, 48], [998, 1800, 46, 58], [4528, 1786, 57, 37], [2349, 1771, 25, 27], [2140, 1676, 51, 46], [4355, 1635, 22, 31], [1288, 1563, 51, 58], [5604, 1523, 72, 70], [3899, 1512, 39, 39], [3391, 1461, 30, 49], [1266, 1390, 60, 52], [2266, 1255, 64, 60], [4325, 1239, 25, 42], [4879, 1210, 75, 49], [3171, 1042, 22, 16], [2112, 986, 93, 79], [2544, 733, 54, 52], [1971, 728, 33, 21], [1972, 679, 22, 37], [4617, 667, 63, 49], [4648, 301, 40, 37], [5109, 206, 52, 30]]
[[2990, 2272, 36, 19], [2829, 2138, 49, 64], [3529, 1907, 30, 30], [1196, 1638, 48, 57], [4315, 1524, 55, 72], [4647, 1073, 51, 46], [1488, 601, 54, 46]]
[[2532, 2234, 30, 19], [2258, 2180, 63, 79], [2257, 2075, 42, 27], [3479, 1979, 51, 57], [2768, 1809, 18, 30], [3894, 1634, 34, 24], [1127, 1617, 78, 67], [2314, 1606, 31, 51], [3846, 1559, 106, 121], [3325, 1567, 34, 18], [2501, 1416, 22, 25], [2511, 1386, 72, 66], [4424, 1347, 60, 46], [2234, 1318, 79, 85], [1219, 1306, 91, 60], [1842, 1234, 39, 31], [3687, 1220, 67, 34], [1879, 1211, 100, 72], [1947, 1193, 114, 58], [1946, 1198, 25, 24], [5629, 1131, 39, 45], [3441, 1026, 82, 52], [4514, 929, 60, 46], [2951, 859, 99, 124], [4765, 651, 54, 46], [1793, 590, 60, 70], [1202, 570, 39, 43], [4295, 434, 91, 79], [1792, 325, 45, 72], [4319, 205, 33, 27], [670, 70, 22, 22], [1120, 34, 37, 46]]
[[3918, 1772, 30, 57], [3720, 1530, 31, 55], [1476, 1456, 87, 118], [2260, 1410, 36, 54], [2591, 839, 78, 97], [4625, 742, 67, 63], [1113, 703, 55, 70]]
[[3130, 2214, 67, 39], [1550, 2093, 63, 73], [2714, 2092, 30, 16], [4940, 1990, 48, 54], [2663, 1831, 21, 22], [2128, 1762, 49, 36], [2640, 1715, 25, 27], [2578, 1704, 34, 42], [4552, 1498, 30, 16], [1402, 1470, 48, 33], [1077, 1432, 25, 49], [4447, 967, 30, 27], [3011, 819, 100, 51], [2289, 744, 34, 33], [1157, 736, 33, 57], [4626, 613, 48, 46], [1865, 591, 31, 48], [5538, 407, 19, 37]]
[[1826, 1921, 25, 19], [2208, 1891, 33, 28], [3899, 1813, 24, 31], [3041, 1656, 25, 18], [3165, 1543, 42, 24], [1175, 1527, 31, 21], [5501, 1441, 48, 30], [4454, 1313, 75, 73], [3447, 1262, 18, 24], [1886, 1028, 19, 22], [3265, 850, 48, 28], [762, 810, 36, 18], [1333, 730, 28, 34], [4825, 725, 66, 40], [4237, 694, 30, 22], [4732, 293, 70, 40], [201, 285, 72, 82], [1503, 144, 25, 42]]
[[2823, 2043, 34, 46], [2766, 1954, 34, 22], [2324, 1952, 28, 25], [2719, 1834, 21, 27], [4819, 1731, 22, 36], [4836, 1722, 45, 27], [1201, 1704, 45, 61], [5066, 1611, 28, 34], [4416, 1485, 64, 54], [781, 1470, 31, 45], [1969, 1455, 36, 63], [1339, 1443, 30, 27], [2375, 1298, 27, 34], [3754, 885, 33, 33], [4651, 875, 33, 54], [3643, 829, 31, 30], [1799, 201, 24, 40], [1342, 115, 24, 30]]
[[3482, 2253, 27, 24], [1293, 2230, 42, 25], [3183, 2217, 93, 70], [1278, 2120, 109, 136], [1435, 1920, 70, 63], [923, 1712, 36, 45], [2776, 1660, 19, 36], [3315, 1658, 55, 37], [3728, 1584, 21, 19], [2625, 1561, 129, 103], [4906, 1459, 57, 51], [2345, 1389, 106, 87], [2201, 1366, 63, 33], [1373, 1324, 102, 76], [3583, 1329, 27, 16], [4208, 1311, 70, 43], [2523, 1292, 55, 43], [2425, 1290, 34, 39], [3179, 1229, 78, 82], [573, 1010, 60, 46], [4484, 940, 31, 45], [4242, 570, 27, 24], [1154, 537, 36, 21], [874, 428, 33, 54], [4197, 426, 54, 54]]
[[1410, 2107, 57, 54], [2660, 2083, 33, 27], [5479, 2068, 36, 72], [1437, 2072, 42, 30], [2268, 1914, 121, 84], [1162, 1882, 52, 42], [3091, 1797, 90, 112], [4480, 1772, 25, 24], [726, 1723, 66, 78], [3637, 1699, 37, 55], [2356, 1676, 70, 45], [839, 1635, 22, 31], [3267, 1592, 72, 93], [4145, 1495, 75, 61], [1415, 1495, 19, 22], [3621, 1455, 28, 31], [2951, 1345, 48, 33], [1069, 1204, 42, 34], [4277, 863, 18, 22], [1967, 835, 46, 34], [3698, 798, 111, 90], [3451, 724, 31, 54], [4818, 682, 36, 45], [1176, 673, 31, 39], [3595, 655, 28, 21], [4538, 366, 54, 34], [4851, 189, 36, 36], [4887, 135, 141, 88], [4767, 138, 64, 46], [1550, 77, 30, 30]]
[[2138, 1899, 55, 49], [3550, 1874, 31, 36], [4636, 1789, 30, 37], [2253, 1492, 37, 54], [3169, 1449, 16, 25], [3231, 1393, 54, 46], [1178, 1306, 24, 46], [2063, 974, 52, 60], [3712, 826, 33, 66], [2340, 721, 42, 30], [859, 666, 39, 57], [1246, 607, 52, 31]]
[[2746, 2133, 22, 34], [3536, 1504, 18, 36], [3568, 1457, 27, 39], [3524, 877, 57, 55], [1146, 775, 43, 78]]
[[3492, 1834, 66, 37], [1298, 1663, 43, 33], [4557, 1645, 33, 19], [2362, 1557, 72, 54], [3441, 1020, 70, 36], [5717, 946, 18, 27], [4586, 793, 52, 52], [1131, 751, 54, 73]]
[[3513, 1631, 39, 67], [1043, 1631, 72, 45], [2280, 1535, 55, 61], [3838, 1508, 81, 46], [3381, 884, 54, 51], [856, 879, 67, 34], [4512, 730, 63, 34]]
[[3330, 1861, 66, 130], [3832, 1815, 46, 25], [4845, 1796, 40, 30], [4329, 1615, 33, 31], [2461, 1611, 61, 49], [4136, 1605, 73, 39], [2535, 1545, 34, 30], [3364, 1527, 27, 30], [2540, 1492, 24, 25], [3825, 1429, 22, 34], [3136, 1326, 37, 52], [4475, 1313, 25, 24], [4087, 955, 54, 66], [4867, 176, 27, 28], [1499, 137, 36, 37]]
[[2368, 2073, 22, 30], [4288, 2015, 64, 39], [437, 1773, 45, 33], [3374, 1670, 63, 58], [2522, 1553, 54, 64], [1332, 1539, 37, 61], [322, 1474, 51, 37], [347, 1426, 72, 54], [418, 1414, 72, 109], [709, 1012, 78, 129], [2305, 944, 70, 66], [3488, 936, 37, 25], [1912, 833, 43, 66], [4622, 790, 43, 33], [3175, 776, 54, 66], [1338, 776, 48, 48]]
[[1526, 1825, 30, 33], [3458, 1727, 37, 31], [1187, 1716, 63, 58], [2182, 1642, 25, 43], [3843, 1564, 64, 36], [2195, 863, 55, 37], [4525, 642, 21, 19], [4251, 595, 51, 54], [1243, 433, 70, 58], [4492, 65, 168, 180]]
[[3829, 1732, 49, 40], [1294, 1715, 31, 39], [2448, 1663, 46, 54], [910, 1595, 58, 46], [3513, 601, 33, 51], [4469, 559, 64, 36]]
[[2519, 1797, 72, 49], [1254, 1796, 57, 31], [3433, 1796, 27, 30], [1111, 1527, 36, 43], [2130, 1305, 27, 54], [2122, 1262, 48, 90], [3474, 915, 58, 60], [1316, 385, 48, 24]]
[[3410, 2024, 57, 42], [1241, 1625, 36, 46], [2528, 1379, 46, 43], [3475, 1278, 72, 78], [4326, 826, 54, 43], [2146, 822, 27, 31], [2090, 816, 46, 49], [4775, 799, 55, 73], [4232, 789, 64, 33], [4678, 596, 60, 30], [5418, 208, 43, 66]]
[[3282, 1982, 54, 51], [2450, 1758, 58, 34], [2651, 1751, 63, 49], [3320, 1611, 58, 51], [1981, 1506, 52, 27], [3312, 1386, 52, 51], [2987, 889, 57, 46], [1119, 810, 39, 60], [964, 515, 70, 37], [3847, 375, 30, 46]]
[[3579, 1735, 48, 60], [2319, 1603, 52, 54], [4801, 1388, 37, 63], [1353, 1294, 64, 58], [3581, 909, 52, 30], [2574, 901, 61, 40], [2122, 798, 76, 45], [3450, 689, 51, 63], [1328, 653, 39, 37], [329, 598, 39, 40]]
[[309, 2309, 22, 39], [1946, 1980, 43, 31], [2355, 1908, 240, 123], [2275, 1883, 42, 75], [3543, 1530, 51, 39], [2407, 880, 40, 57], [4810, 848, 52, 40], [4457, 813, 67, 57], [3359, 803, 57, 39], [875, 542, 51, 64], [1022, 366, 33, 27], [4730, 274, 67, 54]]
[[2388, 1634, 45, 40], [3266, 1520, 31, 21], [3291, 1396, 57, 64], [4188, 1388, 72, 52], [4647, 1022, 25, 36], [4265, 683, 85, 64]]
[[4993, 2066, 81, 73], [1572, 2044, 60, 84], [2263, 2053, 22, 24], [2575, 1938, 45, 36], [3519, 1905, 106, 76], [3612, 1888, 43, 30], [908, 1690, 124, 87], [2283, 1646, 37, 55], [4562, 1632, 33, 33], [1967, 1568, 57, 33], [868, 1526, 112, 88], [4614, 1527, 37, 48], [1323, 1513, 57, 60], [2511, 1432, 33, 57], [4936, 1394, 58, 45], [3849, 1370, 37, 69], [2598, 1272, 57, 60], [1422, 1262, 69, 49], [3508, 1256, 30, 31], [219, 1067, 40, 45], [2355, 1017, 40, 25], [2381, 998, 40, 43], [3485, 840, 34, 51], [611, 821, 46, 46], [4435, 746, 49, 48], [2296, 721, 54, 79], [827, 712, 25, 19], [4462, 678, 34, 36], [1215, 585, 103, 85], [1768, 554, 177, 118], [570, 529, 84, 63], [4660, 399, 46, 30], [1408, 323, 27, 27], [828, 301, 19, 25], [1223, 190, 33, 49], [3965, 84, 34, 25]]
[[2960, 2199, 70, 51], [1356, 2142, 28, 40], [995, 2058, 78, 70], [212, 2003, 45, 30], [2430, 1974, 27, 34], [219, 1972, 31, 22], [2006, 1903, 48, 45], [1452, 1717, 22, 25], [2138, 1664, 33, 45], [3744, 1620, 18, 24], [1164, 1488, 34, 27], [4392, 1445, 64, 39], [627, 1381, 34, 22], [2597, 1368, 82, 51], [613, 1315, 78, 82], [2512, 1308, 84, 72], [170, 1208, 63, 45], [3725, 1192, 42, 61], [1059, 1003, 25, 22], [1229, 929, 61, 99], [570, 731, 81, 123], [3763, 732, 24, 36], [4609, 714, 94, 60], [1992, 650, 135, 264], [113, 581, 28, 21], [197, 337, 138, 111], [800, 235, 60, 43], [1586, 115, 48, 78], [1109, 74, 42, 34]]
[[289, 2143, 18, 30], [3462, 1823, 67, 49], [1115, 1677, 82, 54], [2148, 1652, 46, 36], [3284, 1524, 43, 22], [929, 597, 91, 49], [4609, 492, 37, 57]]
