base_name,tile_id,pred,class_id,gt_class_id
BRAIIM_0003.jpg,None,[1,1214.0361328125,1783.5362548828125,1353.31201171875,1893.0596923828125,0.31293198466300964],1,0
BRAIIM_0016.jpg,None,[1,2163.341064453125,2012.414306640625,2324.965087890625,2142.3720703125,0.5048991441726685],1,0
BRAIIM_0016.jpg,None,[1,2977.690673828125,1228.607177734375,3072.290283203125,1359.24072265625,0.32140135765075684],1,0
BRAIIM_0396.jpg,None,[1,5693.7685546875,1300.5576171875,5803.0751953125,1406.82421875,0.5429359674453735],1,0
BRAIIM_0396.jpg,None,[1,5556.08154296875,1635.764404296875,5685.63818359375,1757.0184326171875,0.5342490077018738],1,0
BRAIIM_0411.jpg,None,[1,161.45973205566406,2178.9658203125,240.82821655273438,2272.15283203125,0.45392104983329773],1,0
BRAIIM_0467.jpg,None,[1,1884.00341796875,100.4662094116211,2004.2154541015625,178.4896240234375,0.2690564692020416],1,0
BRAIIM_0971.jpg,None,[1,5776.42626953125,2066.4052734375,5856.8291015625,2165.865478515625,0.6426202058792114],1,0
BRAIIM_1077.jpg,None,[1,950.61669921875,932.72412109375,1067.9168701171875,1061.388671875,0.5309958457946777],1,0
BRAIIM_1112.jpg,None,[1,5440.17431640625,2400.05322265625,5614.15673828125,2508.0,0.22356829047203064],1,0
BRAIIM_1191.jpg,None,[1,211.87802124023438,2136.759765625,307.2851257324219,2222.4150390625,0.8418383598327637],1,0
BRAIIM_1210.jpg,None,[1,966.3624267578125,1182.9598388671875,1108.920654296875,1347.5523681640625,0.5537206530570984],1,0
LIRIBO_0023.jpg,None,[3,2176.4609375,7.074472427368164,2235.33837890625,57.85417175292969,0.31850460171699524],3,1
LIRIBO_0026.jpg,None,[3,1401.0472412109375,166.569580078125,1451.628662109375,208.9828643798828,0.22805389761924744],3,1
LIRIBO_0026.jpg,None,[3,702.6823120117188,2390.1396484375,751.1542358398438,2435.696533203125,0.22486262023448944],3,1
LIRIBO_0027.jpg,None,[3,2513.315185546875,45.26749038696289,2557.14404296875,90.93335723876953,0.3283349871635437],3,1
LIRIBO_0027.jpg,None,[3,2520.312255859375,1788.4193115234375,2551.473876953125,1812.4588623046875,0.27823907136917114],3,1
LIRIBO_0041.jpg,None,[3,3698.349609375,1981.5079345703125,3737.9970703125,2026.8338623046875,0.2250070869922638],3,1
LIRIBO_0043.jpg,None,[3,25.56995964050293,344.734619140625,68.03501892089844,380.4325866699219,0.2249792367219925],3,1
LIRIBO_0047.jpg,None,[3,2722.51806640625,1288.171630859375,2754.75341796875,1328.1253662109375,0.2183999866247177],3,1
LIRIBO_0048.jpg,None,[3,4907.46630859375,108.50066375732422,4944.60693359375,148.07460021972656,0.5615898370742798],3,1
LIRIBO_0053.jpg,None,[0,4438.1669921875,32.17348098754883,4517.7431640625,142.49464416503906,0.3766636252403259],0,1
LIRIBO_0053.jpg,None,[3,1384.279541015625,2192.385009765625,1408.485595703125,2215.3662109375,0.22288237512111664],3,1
LIRIBO_0053.jpg,None,[0,4803.0849609375,759.9471435546875,4922.2314453125,915.96240234375,0.21599844098091125],0,1
LIRIBO_0059.jpg,None,[3,1498.6337890625,1854.009521484375,1546.660400390625,1899.929931640625,0.2116905003786087],3,1
LIRIBO_0064.jpg,None,[3,1215.5462646484375,2013.9932861328125,1266.07275390625,2069.263916015625,0.22901533544063568],3,1
LIRIBO_0073.jpg,None,[3,4245.26513671875,2349.80322265625,4303.10888671875,2403.24560546875,0.29604801535606384],3,1
LIRIBO_0073.jpg,None,[3,5490.71484375,1137.9295654296875,5534.42822265625,1172.5291748046875,0.25779709219932556],3,1
LIRIBO_0077.jpg,None,[3,1984.1773681640625,2005.0540771484375,2040.6697998046875,2052.236328125,0.2863367199897766],3,1
LIRIBO_0101.jpg,None,[3,1186.8681640625,230.46841430664062,1231.1700439453125,266.3870544433594,0.4563492238521576],3,1
LIRIBO_0101.jpg,None,[3,3064.989990234375,544.90771484375,3130.89208984375,586.302490234375,0.31380602717399597],3,1
LIRIBO_0103.jpg,None,[3,70.35610961914062,1126.96533203125,110.4700927734375,1163.43115234375,0.26351314783096313],3,1
LIRIBO_0103.jpg,None,[3,5554.84619140625,0.0,5600.1806640625,37.53877258300781,0.23635759949684143],3,1
LIRIBO_0103.jpg,None,[3,4219.83349609375,1581.2984619140625,4257.55126953125,1625.8619384765625,0.2020249217748642],3,1
LIRIBO_0104.jpg,None,[3,3288.271728515625,80.42247772216797,3331.12451171875,119.63765716552734,0.2264299839735031],3,1
LIRIBO_0105.jpg,None,[3,3391.4248046875,35.245086669921875,3434.93896484375,70.0035171508789,0.20837025344371796],3,1
LIRIBO_0118.jpg,None,[3,2576.9775390625,447.4183349609375,2625.771484375,492.4546203613281,0.2735403776168823],3,1
LIRIBO_0125.jpg,None,[3,4168.8515625,1980.0380859375,4217.03759765625,2027.0394287109375,0.4118233323097229],3,1
LIRIBO_0139.jpg,None,[3,4630.98046875,1683.218017578125,4674.84716796875,1720.6243896484375,0.263008713722229],3,1
LIRIBO_0143.jpg,None,[3,2545.3701171875,0.0,2588.437744140625,37.404300689697266,0.2612026333808899],3,1
LIRIBO_0148.jpg,None,[3,5871.1484375,929.0560913085938,5907.66455078125,956.9038696289062,0.2081129103899002],3,1
LIRIBO_0150.jpg,None,[3,5773.43115234375,282.73974609375,5804.51416015625,318.0276184082031,0.20055103302001953],3,1
LIRIBO_0151.jpg,None,[3,2028.1099853515625,98.53205108642578,2087.52880859375,172.32296752929688,0.21199820935726166],3,1
LIRIBO_0157.jpg,None,[3,3378.841796875,144.8573455810547,3431.0869140625,175.3839874267578,0.2605348527431488],3,1
LIRIBO_0157.jpg,None,[3,2794.861328125,137.52093505859375,2831.47265625,164.6326904296875,0.24077370762825012],3,1
LIRIBO_0157.jpg,None,[3,5497.0546875,2385.64892578125,5555.28369140625,2433.0,0.23161837458610535],3,1
LIRIBO_0157.jpg,None,[3,2475.570556640625,122.11383819580078,2506.95458984375,151.87564086914062,0.20718777179718018],3,1
LIRIBO_0160.jpg,None,[3,2511.4716796875,283.7354736328125,2557.6083984375,324.25555419921875,0.21226759254932404],3,1
LIRIBO_0160.jpg,None,[3,4228.8134765625,2184.72021484375,4266.72119140625,2220.869384765625,0.20688378810882568],3,1
LIRIBO_0161.jpg,None,[3,4142.17138671875,162.69271850585938,4179.32861328125,202.54544067382812,0.3540344834327698],3,1
LIRIBO_0161.jpg,None,[3,3521.655029296875,2218.25634765625,3571.169921875,2260.46875,0.2748420536518097],3,1
LIRIBO_0163.jpg,None,[3,1856.2652587890625,1682.2509765625,1914.894775390625,1719.140869140625,0.23133599758148193],3,1
LIRIBO_0164.jpg,None,[3,2835.03369140625,676.25390625,2880.523193359375,708.9733276367188,0.3785770833492279],3,1
LIRIBO_0177.jpg,None,[3,1115.1458740234375,29.561296463012695,1146.219970703125,57.15226745605469,0.23167574405670166],3,1
LIRIBO_0182.jpg,None,[3,1622.424072265625,303.36505126953125,1665.216796875,341.489013671875,0.22175967693328857],3,1
LIRIBO_0182.jpg,None,[3,215.65333557128906,4.657444953918457,261.7373352050781,40.27102279663086,0.21614183485507965],3,1
LIRIBO_0196.jpg,None,[3,2153.740478515625,938.2478637695312,2212.82470703125,989.274658203125,0.5398428440093994],3,1
LIRIBO_0197.jpg,None,[3,3346.955810546875,1404.4163818359375,3384.2353515625,1445.037353515625,0.2425653338432312],3,1
LIRIBO_0197.jpg,None,[3,1692.3658447265625,224.67437744140625,1732.51806640625,270.43780517578125,0.21498709917068481],3,1
LIRIBO_0198.jpg,None,[3,4662.72900390625,1001.73876953125,4696.00927734375,1043.1229248046875,0.268988698720932],3,1
LIRIBO_0199.jpg,None,[3,704.8077392578125,2019.53515625,741.5213623046875,2047.47216796875,0.22531931102275848],3,1
LIRIBO_0201.jpg,None,[3,2091.110595703125,192.62586975097656,2119.216064453125,220.966064453125,0.29403212666511536],3,1
LIRIBO_0201.jpg,None,[3,1388.2559814453125,2054.55712890625,1439.959716796875,2094.021728515625,0.2542831301689148],3,1
LIRIBO_0202.jpg,None,[3,2477.728271484375,2346.828369140625,2517.461669921875,2381.0205078125,0.26257434487342834],3,1
LIRIBO_0202.jpg,None,[3,3207.463623046875,659.9581909179688,3252.8603515625,696.4880981445312,0.23983965814113617],3,1
LIRIBO_0202.jpg,None,[3,1976.784423828125,120.6484603881836,2015.202392578125,178.51010131835938,0.20452973246574402],3,1
LIRIBO_0203.jpg,None,[3,1750.6075439453125,1995.368896484375,1800.5162353515625,2052.596435546875,0.24936224520206451],3,1
LIRIBO_0203.jpg,None,[3,4228.6162109375,1231.677001953125,4277.8857421875,1288.95849609375,0.21437788009643555],3,1
LIRIBO_0206.jpg,None,[3,4143.3154296875,1793.172607421875,4207.32080078125,1846.9444580078125,0.22970172762870789],3,1
LIRIBO_0206.jpg,None,[3,4441.3974609375,1800.4923095703125,4475.8642578125,1838.775390625,0.22168710827827454],3,1
LIRIBO_0207.jpg,None,[3,5618.4501953125,31.803218841552734,5654.4619140625,57.02962875366211,0.20234587788581848],3,1
LIRIBO_0211.jpg,None,[3,5539.7314453125,173.92356872558594,5581.14208984375,209.03956604003906,0.3105095624923706],3,1
LIRIBO_0211.jpg,None,[3,1699.5548095703125,38.891910552978516,1734.936279296875,72.07685089111328,0.25413778424263],3,1
LIRIBO_0211.jpg,None,[3,3435.12109375,1671.8233642578125,3489.947265625,1714.51611328125,0.2340669184923172],3,1
LIRIBO_0213.jpg,None,[3,3805.56689453125,2095.2060546875,3840.918212890625,2125.267822265625,0.38359642028808594],3,1
LIRIBO_0217.jpg,None,[3,4305.6123046875,411.9040222167969,4354.9033203125,463.33056640625,0.577393651008606],3,1
LIRIBO_0217.jpg,None,[3,3862.487548828125,1742.0394287109375,3902.23291015625,1771.6231689453125,0.28908810019493103],3,1
LIRIBO_0219.jpg,None,[3,1434.348876953125,1125.29052734375,1470.0098876953125,1152.830078125,0.23877348005771637],3,1
LIRIBO_0222.jpg,None,[3,2161.286376953125,2229.41455078125,2205.8974609375,2260.315185546875,0.25267162919044495],3,1
LIRIBO_0230.jpg,None,[3,3675.933837890625,453.595947265625,3729.746826171875,490.7536926269531,0.33777230978012085],3,1
LIRIBO_0231.jpg,None,[0,3470.845703125,1530.4564208984375,3638.295654296875,1740.445556640625,0.23697125911712646],0,1
LIRIBO_0231.jpg,None,[3,1017.4520874023438,1173.7672119140625,1046.047119140625,1205.551025390625,0.22737164795398712],3,1
LIRIBO_0234.jpg,None,[3,2896.201904296875,203.9633331298828,2923.837158203125,229.677734375,0.23231951892375946],3,1
LIRIBO_0254.jpg,None,[3,3769.42041015625,2267.88720703125,3843.923095703125,2334.5185546875,0.3477543592453003],3,1
LIRIBO_0263.jpg,None,[3,28.150571823120117,122.88168334960938,78.32494354248047,161.66587829589844,0.4037202000617981],3,1
LIRIBO_0276.jpg,None,[0,4880.5625,324.0074462890625,5041.11865234375,461.41485595703125,0.5958992838859558],0,1
LIRIBO_0276.jpg,None,[3,3158.01904296875,52.45137023925781,3203.425048828125,107.90353393554688,0.23648075759410858],3,1
LIRIBO_0299.jpg,None,[3,2335.0537109375,2315.490234375,2377.66845703125,2348.63427734375,0.36127179861068726],3,1
LIRIBO_0299.jpg,None,[3,3483.343505859375,231.65907287597656,3519.39501953125,270.1447448730469,0.3009936213493347],3,1
LIRIBO_0299.jpg,None,[3,3083.880859375,220.18600463867188,3123.711181640625,259.0351257324219,0.29053425788879395],3,1
LIRIBO_0308.jpg,None,[3,2431.1171875,1857.30419921875,2470.489013671875,1891.9635009765625,0.29705995321273804],3,1
LIRIBO_0308.jpg,None,[3,3568.246337890625,1765.2257080078125,3597.843505859375,1799.1390380859375,0.2739178538322449],3,1
LIRIBO_0308.jpg,None,[3,2323.726318359375,1121.670654296875,2360.789306640625,1153.8267822265625,0.2050478607416153],3,1
LIRIBO_0334.jpg,None,[3,1521.262939453125,2237.2744140625,1550.71875,2263.156982421875,0.21033261716365814],3,1
LIRIBO_0335.jpg,None,[3,2518.108642578125,718.4293212890625,2562.93798828125,756.656005859375,0.21493656933307648],3,1
LIRIBO_0339.jpg,None,[3,881.8269653320312,437.0570068359375,928.1490478515625,483.58770751953125,0.2954200506210327],3,1
LIRIBO_0339.jpg,None,[3,1288.27587890625,104.72686767578125,1334.1080322265625,165.87608337402344,0.21686986088752747],3,1
LIRIBO_0347.jpg,None,[3,2428.31689453125,2223.412109375,2477.230224609375,2257.289794921875,0.5009047985076904],3,1
LIRIBO_0360.jpg,None,[3,2523.56982421875,86.29582214355469,2566.9921875,129.65521240234375,0.48632872104644775],3,1
LIRIBO_0360.jpg,None,[3,3894.368408203125,1568.265869140625,3934.734375,1609.16015625,0.45756277441978455],3,1
LIRIBO_0360.jpg,None,[3,1501.451416015625,1260.34912109375,1539.487548828125,1324.9456787109375,0.3129425346851349],3,1
LIRIBO_0360.jpg,None,[3,753.2074584960938,345.5045166015625,790.3839721679688,393.0117492675781,0.28871065378189087],3,1
LIRIBO_0361.jpg,None,[3,2491.831298828125,993.5349731445312,2530.68798828125,1048.151123046875,0.46469375491142273],3,1
LIRIBO_0361.jpg,None,[3,3476.087646484375,1151.776123046875,3529.48974609375,1192.8944091796875,0.3777692914009094],3,1
LIRIBO_0361.jpg,None,[3,2106.66357421875,2112.022705078125,2140.59521484375,2138.76123046875,0.24508756399154663],3,1
LIRIBO_0365.jpg,None,[3,2281.880859375,1927.4359130859375,2328.523681640625,1958.1168212890625,0.2522498369216919],3,1
LIRIBO_0367.jpg,None,[3,2317.265625,1810.183837890625,2356.40283203125,1851.6827392578125,0.20080727338790894],3,1
LIRIBO_0368.jpg,None,[3,4400.5703125,547.3717651367188,4430.00146484375,579.1409301757812,0.2769419550895691],3,1
LIRIBO_0370.jpg,None,[3,2895.345947265625,1207.3861083984375,2930.7060546875,1237.9190673828125,0.20495358109474182],3,1
LIRIBO_0383.jpg,None,[3,383.7235412597656,2208.167236328125,428.8936462402344,2248.48779296875,0.29390642046928406],3,1
LIRIBO_0388.jpg,None,[3,2732.322021484375,1463.2625732421875,2782.15478515625,1505.4970703125,0.23662732541561127],3,1
LIRIBO_0390.jpg,None,[3,5501.77294921875,104.82625579833984,5552.3720703125,139.06802368164062,0.30854639410972595],3,1
LIRIBO_0390.jpg,None,[3,4177.83544921875,2123.777099609375,4212.7021484375,2158.9228515625,0.28369930386543274],3,1
LIRIBO_0400.jpg,None,[3,1645.282958984375,2250.08154296875,1696.33984375,2287.243896484375,0.32476112246513367],3,1
LIRIBO_0402.jpg,None,[3,3902.34521484375,2245.8818359375,3955.240234375,2277.51611328125,0.22243057191371918],3,1
LIRIBO_0406.jpg,None,[3,952.7095947265625,109.4533920288086,997.1109008789062,156.83583068847656,0.20984642207622528],3,1
LIRIBO_0412.jpg,None,[3,3420.1474609375,1531.5306396484375,3458.208740234375,1577.1715087890625,0.20592829585075378],3,1
LIRIBO_0414.jpg,None,[3,5793.3232421875,455.0003662109375,5841.6884765625,503.4317626953125,0.23400767147541046],3,1
LIRIBO_0419.jpg,None,[3,1254.8961181640625,1138.5113525390625,1296.8929443359375,1174.6934814453125,0.23865588009357452],3,1
LIRIBO_0424.jpg,None,[3,2700.052490234375,917.074462890625,2732.11376953125,947.3088989257812,0.21984554827213287],3,1
LIRIBO_0436.jpg,None,[3,5492.3271484375,1139.5699462890625,5531.93994140625,1176.700439453125,0.20564019680023193],3,1
LIRIBO_0441.jpg,None,[3,2884.027587890625,2284.59228515625,2927.818359375,2331.7294921875,0.20837488770484924],3,1
LIRIBO_0443.jpg,None,[3,1895.1708984375,2285.8427734375,1926.94189453125,2314.457275390625,0.2208317369222641],3,1
LIRIBO_0448.jpg,None,[3,1324.3834228515625,2313.390380859375,1366.91259765625,2343.72802734375,0.2500810921192169],3,1
LIRIBO_0458.jpg,None,[3,1835.3477783203125,2355.8359375,1879.8558349609375,2391.212646484375,0.20983938872814178],3,1
LIRIBO_0472.jpg,None,[3,4396.62939453125,1385.88232421875,4427.1416015625,1416.485595703125,0.206020787358284],3,1
LIRIBO_0475.jpg,None,[3,1050.4962158203125,1477.285888671875,1083.35498046875,1508.8876953125,0.3179250657558441],3,1
LIRIBO_0485.jpg,None,[3,2719.57763671875,273.31964111328125,2760.039794921875,318.6014404296875,0.21232075989246368],3,1
LIRIBO_0499.jpg,None,[0,1249.183837890625,1283.9078369140625,1505.8912353515625,1481.52783203125,0.4401070773601532],0,1
LIRIBO_0499.jpg,None,[0,1542.71826171875,2273.354248046875,1657.3089599609375,2362.436279296875,0.3886452317237854],0,1
LIRIBO_0506.jpg,None,[3,2133.314208984375,169.26255798339844,2176.0498046875,198.66485595703125,0.22367450594902039],3,1
LIRIBO_0511.jpg,None,[3,2623.0458984375,236.99551391601562,2662.345703125,265.95855712890625,0.4046790301799774],3,1
LIRIBO_0511.jpg,None,[3,2539.275390625,235.19277954101562,2569.1943359375,265.23236083984375,0.26019519567489624],3,1
LIRIBO_0511.jpg,None,[3,3595.950439453125,169.96331787109375,3628.67041015625,198.31387329101562,0.20185039937496185],3,1
LIRIBO_0516.jpg,None,[3,3364.567626953125,982.1727294921875,3406.497802734375,1036.3408203125,0.36824294924736023],3,1
LIRIBO_0518.jpg,None,[3,2765.570556640625,1418.2186279296875,2798.603759765625,1442.8924560546875,0.2540394365787506],3,1
LIRIBO_0520.jpg,None,[3,928.832275390625,2283.258544921875,980.11572265625,2314.90673828125,0.2615501582622528],3,1
LIRIBO_0565.jpg,None,[3,3630.56298828125,2103.493896484375,3665.57861328125,2138.0810546875,0.20869408547878265],3,1
LIRIBO_0578.jpg,None,[3,2516.644287109375,67.59819793701172,2558.765380859375,103.5632095336914,0.26480528712272644],3,1
LIRIBO_0590.jpg,None,[3,1323.021728515625,2296.97802734375,1380.4505615234375,2366.686767578125,0.22872574627399445],3,1
LIRIBO_0596.jpg,None,[3,1758.91064453125,89.79857635498047,1794.5206298828125,128.16592407226562,0.39380335807800293],3,1
LIRIBO_0607.jpg,None,[3,1606.8568115234375,1910.468505859375,1639.3349609375,1943.1466064453125,0.23031458258628845],3,1
LIRIBO_0614.jpg,None,[3,3424.507568359375,0.0,3470.823486328125,39.0772819519043,0.3285221755504608],3,1
LIRIBO_0615.jpg,None,[3,4118.56396484375,1627.333251953125,4154.81689453125,1660.656982421875,0.3696947693824768],3,1
LIRIBO_0615.jpg,None,[3,3850.365966796875,461.11871337890625,3893.33544921875,496.4842224121094,0.22739754617214203],3,1
LIRIBO_0620.jpg,None,[3,2354.47802734375,2215.322998046875,2416.677734375,2267.185791015625,0.39440593123435974],3,1
LIRIBO_0620.jpg,None,[3,1864.0570068359375,2244.07568359375,1901.9940185546875,2285.49267578125,0.20549768209457397],3,1
LIRIBO_0623.jpg,None,[3,5443.85107421875,681.4556884765625,5484.40283203125,725.0772705078125,0.24238412082195282],3,1
LIRIBO_0623.jpg,None,[3,2719.46826171875,2329.593017578125,2754.42578125,2362.577880859375,0.23607522249221802],3,1
LIRIBO_0624.jpg,None,[3,2953.9541015625,1445.6038818359375,3020.2587890625,1506.3006591796875,0.3550083637237549],3,1
LIRIBO_0625.jpg,None,[3,2477.0751953125,2203.948486328125,2509.05712890625,2229.5712890625,0.25340408086776733],3,1
LIRIBO_0627.jpg,None,[3,4008.100830078125,486.48345947265625,4051.8603515625,522.0882568359375,0.22729945182800293],3,1
LIRIBO_0631.jpg,None,[3,2536.776611328125,2262.267822265625,2572.83349609375,2290.791015625,0.21489860117435455],3,1
LIRIBO_0636.jpg,None,[0,1063.5140380859375,1781.4923095703125,1275.9022216796875,1965.39892578125,0.4049472212791443],0,1
LIRIBO_0636.jpg,None,[0,1601.2279052734375,2201.115966796875,1690.90869140625,2303.2080078125,0.32281798124313354],0,1
LIRIBO_0636.jpg,None,[3,1553.160888671875,733.1019287109375,1598.67822265625,775.8872680664062,0.26120972633361816],3,1
LIRIBO_0646.jpg,None,[3,1607.0360107421875,1619.765380859375,1644.0025634765625,1648.1876220703125,0.2442614883184433],3,1
LIRIBO_0652.jpg,None,[3,127.46418762207031,299.27618408203125,174.0929718017578,341.6342468261719,0.395290344953537],3,1
LIRIBO_0652.jpg,None,[3,109.15642547607422,161.22744750976562,145.09121704101562,197.54620361328125,0.23720119893550873],3,1
LIRIBO_0664.jpg,None,[3,1249.732666015625,1330.934814453125,1278.1878662109375,1367.585205078125,0.21071301400661469],3,1
LIRIBO_0668.jpg,None,[3,2758.656494140625,2314.447265625,2807.65673828125,2361.898681640625,0.31515511870384216],3,1
LIRIBO_0676.jpg,None,[3,2167.3291015625,1110.3729248046875,2201.3798828125,1137.3984375,0.25826942920684814],3,1
LIRIBO_0677.jpg,None,[3,1866.417236328125,2311.93408203125,1907.915283203125,2351.49462890625,0.27246007323265076],3,1
TRIAVA_0031.jpg,None,[1,4301.3310546875,1415.379638671875,4366.525390625,1471.7291259765625,0.24052321910858154],1,3
TRIAVA_0052.jpg,None,[1,3907.1044921875,2017.7176513671875,3985.714599609375,2082.799072265625,0.29567161202430725],1,3
TRIAVA_0137.jpg,None,[1,1068.0355224609375,412.4312438964844,1230.6890869140625,564.0091552734375,0.7105039954185486],1,3
TRIAVA_0137.jpg,None,[1,1529.6925048828125,271.7939147949219,1594.4600830078125,350.9856872558594,0.6205129027366638],1,3
TRIAVA_0137.jpg,None,[1,15.668129920959473,212.98326110839844,238.60121154785156,404.7218017578125,0.3091588616371155],1,3
TRIAVA_0153.jpg,None,[1,909.673583984375,80.65621185302734,1022.6617431640625,217.6639404296875,0.321738600730896],1,3
TRIAVA_0178.jpg,None,[1,5897.40625,815.9677124023438,5946.27001953125,925.0575561523438,0.24804168939590454],1,3
TRIAVA_0179.jpg,None,[1,219.77371215820312,768.7862548828125,311.1268615722656,832.2039794921875,0.2710520029067993],1,3
TRIAVA_0179.jpg,None,[1,31.218364715576172,1172.60009765625,113.43037414550781,1264.6312255859375,0.22533828020095825],1,3
TRIAVA_0182.jpg,None,[1,436.96136474609375,2271.674072265625,540.2874145507812,2340.214599609375,0.42575162649154663],1,3
TRIAVA_0199.jpg,None,[1,5712.7802734375,1771.2308349609375,5798.16455078125,1829.2679443359375,0.5612322092056274],1,3
TRIAVA_0212.jpg,None,[1,5336.91748046875,795.6728515625,5436.52880859375,858.3712768554688,0.6166849732398987],1,3
TRIAVA_0212.jpg,None,[1,2564.9619140625,610.6017456054688,2657.417724609375,697.0924072265625,0.6130979061126709],1,3
TRIAVA_0212.jpg,None,[1,5304.09228515625,506.5700988769531,5357.9609375,557.6302490234375,0.3545224368572235],1,3
TRIAVA_0212.jpg,None,[1,3404.007568359375,1400.3245849609375,3586.599609375,1541.0103759765625,0.20092467963695526],1,3
TRIAVA_0229.jpg,None,[1,1004.9845581054688,710.2940673828125,1228.2325439453125,849.641357421875,0.3553149998188019],1,3
TRIAVA_0307.jpg,None,[1,167.88218688964844,564.1282958984375,245.55905151367188,650.0254516601562,0.6887397766113281],1,3
TRIAVA_0340.jpg,None,[1,45.71579360961914,2193.742919921875,136.96707153320312,2284.2314453125,0.6708799600601196],1,3
TRIAVA_0351.jpg,None,[1,125.7283935546875,1766.5797119140625,187.62771606445312,1820.4254150390625,0.3342899978160858],1,3
TRIAVA_0351.jpg,None,[1,121.6290054321289,1281.814208984375,181.2706756591797,1361.8333740234375,0.28204843401908875],1,3
TRIAVA_0600.jpg,None,[1,2060.8681640625,219.17227172851562,2127.4033203125,272.84014892578125,0.20730842649936676],1,3
